1125977.7637252049,1148235.6844851717,1175230.5984890985,1200421.0216792997,1227949.612919747,1255725.5825400595,1287070.970115273,1318116.887088089,1349903.9030426193,1384693.1529561114,12473325.177040674
230.88343509173393,230.7681282649148,230.5746391090206,230.5135754906096,230.4570815212371,230.44246778724212,230.48834636323005,230.4604318622063,230.4521485193259,230.4196012768115,2305.4598552863317
460.82712464345263,461.1381874715477,461.1395605826541,461.35904655891204,461.462627266524,461.42148551217895,461.2784983140814,461.28954296437337,461.2632797581769,230.6444808269019,4381.823833898803
230.652328776728,230.66953271700496,230.80146198515317,230.6972071105399,230.67325925418393,230.66514560060054,230.65859166528514,230.6916294062383,230.74657229579935,461.41783704750844,2537.6735658590414
230.70273221150757,230.26943340842504,230.29095300294398,230.35730185967498,230.32209373454498,230.32130325648237,230.3475763839452,230.2985925043763,230.0875337142857,230.21361184319457,2303.211131919381
460.61689115056305,461.2669257790555,461.26238147202764,230.57976221467518,461.1304242664116,461.14526436247417,460.9640271165826,461.1089843910146,461.4956834764075,230.6973128516151,4150.267657080827
230.7685779415067,230.7750587693714,230.77722794408433,461.60123059060413,230.87043514876964,230.89678075146344,231.00773653220915,230.88632122469875,230.8726855432813,461.7035965468307,2770.15965099282
230.76349934304704,230.50763717600523,230.4973184326329,230.49362396652205,230.4725413871378,230.40631071972263,230.3855604753166,230.37042860060726,230.33621785715388,230.34272713106384,2304.5758650892094
460.6645300726955,461.2443636476105,461.36602450233534,230.7684721350921,461.5837154231938,461.67845075398094,230.83864308655055,461.63271890177566,461.784187414201,230.94326428739726,3922.5043702248327
231.0347497844305,230.60374348842373,230.59441977943288,461.1467431432379,230.60752072959943,230.67040487448855,461.2717872298892,230.72055180424738,230.7862489738934,461.62901417160634,2999.065183979249
230.7813547792942,230.7591351010839,230.75778618696478,230.77246639454472,230.76294388490197,230.73160450743933,230.80693916019612,230.92016585516922,230.8110141353933,230.73268868128872,2307.8360986862763
461.28203888600325,230.5880019136391,461.12556579482003,230.55451859807013,461.05555180235626,460.94613812843266,230.50230614975175,460.86383501376855,460.6036657195759,230.3845322884816,3687.9061542948994
230.62057033307613,461.5436630722368,230.79468864027953,461.58784274474823,230.81794721605317,230.81707394250904,461.4792341144207,230.73686681238723,230.8187675699473,461.5744027636699,3230.7910572093288
230.60292466225084,230.53329288941669,230.47198732880585,230.45795207290897,230.38495410761138,230.42819876333743,230.49591979938856,230.5236845254078,230.61713608371042,230.5659514759998,2305.082001708838
460.985347960186,230.77389483877533,461.5097007391432,230.7272150296462,461.5083783194901,461.56561957687614,230.79236039479653,230.795138420389,461.5653550282428,230.79968923539045,3461.0226995429357
230.93674751864685,461.44977629059656,230.790772981627,461.5048342721909,230.69932195046155,230.70973810282862,461.28404699572593,461.1831875231721,230.41440617415313,460.982128597484,3459.9549604068866
230.60173605395985,230.69641405556564,230.6299225767754,230.69390275078462,230.8243249595566,230.80524570633412,230.862519403708,230.9468937042419,231.12346872226496,231.0570225744914,2308.241450507682
461.8865285747945,230.90949233804034,461.92065237616805,230.99880419694517,462.0820669163906,462.150907806874,231.0565982907513,230.99843313564713,461.8824488925061,230.88891615813975,3464.774848686257
231.03944262239773,462.023690216512,230.88364691555304,461.7967392464945,230.82871813310487,230.79291599456488,461.58562033166265,461.52530586340544,230.7163478243331,461.4431659850602,3462.6355931330886
230.4592183416271,230.46336019275319,230.63142851742367,230.6126188806811,230.65423139044935,230.66046795549082,230.68322370739068,230.56999154001213,230.704318413789,230.7431078469801,2306.1819667865966
230.7621503779048,230.7512005386005,461.4390412503644,230.62878652930047,230.59323125881434,461.16100330157286,230.56875045953052,230.66234427622206,230.69028128121727,230.60419252460025,2767.860981798128
461.2711002795328,461.69650250895353,230.67814886503123,461.2962545652387,461.0241421772785,230.5059217198577,460.7233545475318,460.8796602531665,460.754512303244,460.837356543833,4149.666953763668
230.58155799631507,230.5487629824008,230.43529349149202,230.42371533141954,230.46035271917026,230.42078800825652,230.4568440991953,230.2679848653968,230.2544484533188,230.26234888956267,2304.112096836528
230.07875127966543,230.04168312053002,460.0664391699057,230.16800044724206,230.27996881508295,460.5382873967228,230.34309608878056,230.46942814155707,230.39539462330694,230.42975481872793,2762.8108039015215
460.79252941799155,460.5281741165884,230.50898316716666,460.87950199539273,460.7324747402972,230.30747076865634,460.6544112473608,460.7837759618678,460.85602829598156,460.73484710394996,4146.778196815253
230.322568023987,230.53902133366557,230.25413244714548,230.32401725382954,230.21721836220655,230.34773451519408,230.34085600655442,230.258003582538,230.2366481239907,230.22935499696385,2303.0695546460756
230.26013671276561,229.89775640063067,460.23739672172746,230.10636298924575,230.21119001063428,230.19068544887372,230.18486903033283,230.23272504877934,230.1866586662691,230.2014768681504,2531.709257897409
460.6529883231998,460.732105708147,230.36958507026947,460.5850670957267,460.72282737979793,460.7787138739585,460.7710682228739,460.66916801620937,460.80956269844467,460.8153110556003,4376.906397444228
230.3258354043332,230.21298005587502,230.31721920626217,230.39995605469588,230.3698223125526,230.36138733154544,230.35361188060313,230.3010952098895,230.32288421803352,230.3685570260224,2303.3333486998126
230.32678401599102,230.39974511746948,230.36581561955413,230.31258200870565,230.33186976172897,230.2648508073989,230.27009184309892,230.3772297896429,230.33239679485553,230.29440388737768,2303.275769645823
460.6523032147019,730.5895443864054,461.23316265989394,461.1681865301471,461.0656882586225,461.0571883875195,461.1807577186319,461.261694549686,461.4454399087958,461.6189587751677,4881.272924389572
230.76905407157298,230.6240311032121,230.77363031073182,230.85791316646257,230.9196626150761,231.02173279674827,230.9998113693347,230.9046988462254,230.90310988733464,230.89595984294266,2308.6696040096413
230.92503945165242,230.8339319355718,230.83731971011213,230.830755987249,230.83607575009523,230.80529862639116,230.80132968945443,230.8060395097378,230.75596121061076,230.72475593736942,2308.1565078082444
461.49838107212565,461.5041466275277,461.52276665265623,461.57482605822344,461.6129786681806,461.5992197183447,461.5001265920425,461.6372175826383,461.69374965744464,230.84488962817784,4384.988302257361
230.8494159352432,230.75418915974504,230.7539511251351,230.74242025882373,230.74794752570128,230.77701631548794,230.78857709607274,230.8359698817767,230.78873583338634,461.6461622791806,2538.6843854105527
230.99771752079593,231.11813570502156,231.11802957782277,231.10426040047042,231.08089104408367,231.07489694250128,231.05031377032913,231.01810102729235,231.07465824577932,231.04217357065986,2310.679177804756
461.61382539957685,461.52662838006984,461.4244466273709,230.6937705783633,461.38886288396867,461.1995629606017,461.2773885937709,461.2234943202319,461.189050852606,230.56051213632537,4152.097542732885
230.73200115522673,230.87504188572817,230.91757021926128,461.841179276003,230.90708232556602,231.046707617624,231.0916865157733,231.1051093196294,231.13063286413393,462.3586685277992,2772.005679706745
231.2140083630304,231.22659556287337,231.22115156353416,231.2406980410309,231.18724520226385,231.13320675687746,231.08619581813335,230.95905440667423,230.85502774366435,230.8272890101053,2310.9504724681874
461.53879588901884,230.97744360902254,461.529008929166,227.99051603191265,456.13212082710095,456.2320235070091,228.15584895969914,456.5675058038552,456.70240671701674,228.3783760483259,3664.2040463221274
228.25013318501112,456.00556103812386,228.05936916439686,461.6639468475533,230.83681683104405,230.79725505620542,461.59705011266135,230.7802436937569,230.80106509851197,461.5839799928743,3220.375421020139
230.7425260413503,230.79130211692384,230.94387359758556,231.00672929071024,230.9564314017502,230.96748021949682,230.96594339018728,230.98163060899734,230.96485702318625,230.95857749225652,2309.2793511824443
462.24720277504554,231.07518868360896,462.20358652913046,230.98123310247823,461.92674644271034,462.05862962974436,231.06617157168859,462.0998850870592,462.1069915265179,231.034696759102,3696.800332107086
230.92519837674033,462.1172273047893,231.00227632828557,462.11717426850004,231.04824552192275,230.96419460929874,461.82740671940087,230.89617168974405,230.8493100546879,461.7302805518198,3233.477485425189
231.05752641345663,231.09163346430623,230.93727732350945,230.91849722538694,230.97866259335157,230.97980209033778,231.01518509066807,230.98897147531056,231.0300306255095,231.01279937909024,2310.0103856809274
461.6142487664398,230.67666874473585,461.6678109379493,230.819508539767,461.58122848302213,461.42449950477334,230.71560751669116,230.78254523995636,461.61694774844716,230.7666205385425,3461.665686020325
230.91296178499556,462.0478132223922,231.02576233882402,462.08816524275244,231.05625356135982,230.96408862342935,461.905921296855,462.0359369662431,231.02891714421256,462.1445956539355,3465.2104158350003
231.03188645152287,230.79770484631797,230.81580373824062,230.77378902748515,230.75498261199164,230.74088642308783,230.70585176339466,230.65737605693977,230.61890603022576,230.6165284963944,2307.5137154456006
460.98381743788445,230.811807978476,461.48378269529155,230.77995269693173,230.62669940148078,461.4595070049263,230.68449245286976,230.73996084242313,230.6733385435172,230.66102292041526,2998.904381974216
230.61964571741586,460.59349688076634,230.37788884093004,460.5403943859924,460.8508591283973,230.42498122393184,461.05512945968405,460.80961543501445,460.990097921697,461.0529121733495,3917.3150211671787
230.75199397029434,230.7166122210709,230.54113327433726,230.6362106698633,230.66422062747964,230.69369127498322,230.60503777391185,230.45747722572716,230.29329748568492,230.2509987662098,2305.6106732895623
230.0802763249982,230.3973721002862,460.91833116030534,230.45811035573774,230.4011162163452,460.6394446332697,230.33458400810468,230.49956155912528,230.57289624868625,230.58628526112594,2764.8879778679843
461.4663293265407,460.9052466890976,230.44434056296538,460.9630772238989,461.07814826342155,230.66303138722452,461.3703065266682,461.26814113215715,461.4416853025826,461.275222012363,4150.87552842692
230.60926411341592,230.9742107128967,230.98669231163734,230.7934980543342,230.71182673389467,230.64892000564114,230.62091376363827,230.61515483252484,230.57265858795478,230.6810034363836,2307.214142552322
230.63121715614628,230.53851975344224,460.91094467395374,230.6470439033019,230.6955417013915,461.436978910669,230.58480631945693,230.7050322119318,230.7684192319212,230.75244358400957,2767.670947446224
461.2935593319757,461.5465728503637,230.8813433523901,461.52747479471276,461.5474722437529,230.79712276532948,461.71180260884313,461.5969971957043,461.5828158885488,461.6038765018487,4154.089037533469
230.7910110922103,230.6662027218225,230.74807976020958,230.7677314929067,230.74239381320723,230.65454849578794,230.74757726988435,230.76310258695628,230.80238805929085,230.80818280620176,2307.491218098478
231.008319676039,230.92548973996958,230.82316053195362,230.79286308018598,230.75995503698033,230.7443243591416,230.66778842182316,230.665779872171,230.64352959654627,230.59405001614977,2307.62526033096
460.78757260079084,460.4316989023482,460.3483688602315,460.6124650253595,460.626428685663,460.80914080632095,460.82612257454474,460.8851465898489,460.84315833868874,460.9041387639579,4607.074241147755
230.57749111912892,230.80765359349743,230.91161107187904,230.8174444213874,230.75783908526057,230.7222175745164,230.69120646335904,230.65238162668533,230.67735594108225,230.70537589409443,2307.3205767908908
230.6059886867939,230.37828427351226,230.22587973435924,230.22245722979136,230.30960481552327,230.3144790214998,230.38057780925908,230.36853066603413,230.3080240362688,230.26234888956267,2303.376175162605
460.525487851213,461.34070403254304,461.60583449569805,461.5990609660178,461.5604344789395,461.62927879321785,461.7580796703854,461.74065849786456,461.67945653310534,230.88571221815852,4384.324707537144
230.9472910925771,230.58237667075696,230.62167988165504,230.64691178456917,230.68311797923073,230.6594637400347,230.58755294051352,230.52352615249114,230.58932243296528,461.0801017998185,2536.921344474612
230.49990462937924,230.51328516589325,230.5131268072653,230.4425469179948,230.4053087160669,230.3889614663848,230.41311402763858,230.43044054472375,230.33200151978448,230.43054604139306,2304.3692358365242
460.85808544595005,460.68613946923745,460.6892492809689,230.46842558885032,461.00002037932563,461.0478969615048,460.9882507028112,460.85428764496794,461.13206138316076,230.49082680667544,4148.215243663452
230.50415350716753,230.56154189453036,230.6097660015223,461.2399254553284,230.64944849068297,230.66852842261784,230.6376374277849,230.69617614013657,230.61203773290543,461.2551424701796,2767.4343575428557
230.59338972752226,230.7205253636434,230.63158703863593,230.48702700016966,230.43806292772206,230.3462059222162,230.2990666970336,230.30025218722025,230.2637446896505,230.2222992704987,2304.302160824312
460.44107081290963,460.44307160727953,460.27127727613004,230.16834253122926,460.2899558015395,460.2945335869458,460.225981571447,460.25843995740945,460.3977420850862,230.13095613812388,4142.9213713681
230.27006550563968,230.1428732120272,230.28141750889006,460.72419801841534,230.4153027741291,230.42645811610907,230.58021115746286,230.51539663505713,230.5124669819908,461.22043012230694,2765.088820032028
230.49742399054776,230.6350745604393,230.52999322356533,230.4639933550885,230.33756184713417,230.36739719224613,230.33297653408044,230.42637899640533,230.37857425826869,230.36196721671624,2304.3313411744916
460.78657070388726,230.51843193974932,461.2236528143355,230.59605731679827,461.3000068051667,461.1985064456749,230.46048462426052,461.0185469620933,461.1744720387198,230.59056373492254,3688.867293385608
230.58660217966613,461.1188063524754,230.57910200786912,461.07160139727694,230.6284959143023,230.75760104312042,461.89813222100867,230.85251298445536,230.87596855042918,461.7472243781341,3230.1160470287373
230.85373065049382,230.74239381320723,230.62416319573316,230.71941486374797,230.68383164619127,230.66194786789043,230.71946774445297,230.79442406456346,230.75524709728643,230.7353859384842,2307.290006882051
461.4506753067795,230.78106377966702,461.68506780232764,230.82742133556556,461.6827915162946,461.7089966322399,230.81278705913186,461.61599516295837,461.3831002086606,230.8226577145751,3692.7705565182005
230.91884154384354,461.1423068293989,230.62606534481432,461.4029265307736,230.72885445361902,230.71240838472107,461.3814613089471,230.68851023895968,230.58166363140026,461.1538202967693,3229.336858563247
230.57960376469694,230.63444045772084,230.6212043595282,230.61549824695805,230.59336331605581,230.58654935984893,230.5515615486209,230.48795055272595,230.7017805006083,230.64284260172462,2306.014794708489
461.32632704885015,230.72621023292018,461.5152549844457,230.7820955089294,461.59292262644925,461.64933799446624,230.87708055788957,230.90965124172956,461.8364117596052,230.96599638396094,3462.1812883392463
231.0749234643897,461.60842754014465,230.77045602151097,461.5300669588693,230.75791843274976,230.750988957737,461.3006938416243,461.3417083406232,230.55715888489206,461.03818359834565,3460.7305260408866
230.57115341469944,230.75984923847273,230.65359718238795,230.6572175002741,230.64648900564168,230.61314719938255,230.612486801384,230.58005270686758,230.62215540574286,230.58113545694218,2306.297283911795
230.34897321748832,230.44402403535344,461.0656354634248,230.41369417326058,230.3838204722027,460.43448937515655,230.2389388404672,230.219535017964,230.24167722802306,230.23891251013382,2764.0297003334745
460.40679674661396,460.22224678347027,230.12864126471962,460.47671914904714,460.49915357573934,230.39887500549312,460.85217778257976,460.8868874739798,460.4252230297467,460.44433527584073,4144.74105608723
230.42350435068641,230.63103221534632,230.50774274337138,230.5328969245271,230.43869595106418,230.4692698431814,230.49729204316932,230.53593269010892,230.76133042640734,230.62648804887124,2305.4241852367336
230.3660528540735,229.96164613885657,460.1835873989896,230.04205111446538,230.07317714803168,460.128949361304,230.09426561508542,230.07359782778872,230.14121579673613,230.30038390910548,2761.3649271644367
460.91136675251045,461.86803812420084,230.82562172230496,461.3635927708168,461.428412466181,230.69860818765318,461.2850510571438,461.33161260045756,461.2512852846138,461.15846809785575,4152.122057063738
230.60202660152171,230.1026547458833,230.1606590436733,230.27936300307766,230.31906359810387,230.31629702141865,230.33239679485553,230.37609623024954,230.37440909273994,230.32791709015626,2303.19088322168
230.326388760184,230.2844203140994,460.6365462816806,230.2691700356098,230.24057133289966,230.22635362762736,230.2094263168144,230.07685814806766,229.89442239947016,229.90544859899532,2532.069605815448
459.77010192279783,460.3957943265371,230.21074250367369,460.55856796871086,460.55677688525395,460.47661382825555,460.3554215297147,460.48883136143735,460.8184753500974,460.8664724781967,4374.497798154675
230.326388760184,230.2863958865507,230.30546848903876,230.3228578684965,230.36070201647118,230.4132195084435,230.46378230059017,230.34009175317485,230.37106125241453,230.39323262065437,2303.5832004560184
230.356115782081,230.3683725062313,230.11004505126445,230.06741924848856,230.03555882288083,230.07057422624274,230.0352171334748,230.1548178313157,230.1641849639983,230.16481648352325,2301.527122049501
460.5923377670262,460.96914605010437,461.15767585241053,461.18524759490333,460.9199667714417,460.7493454126938,460.58317043661657,460.7374303721571,460.66242194742483,460.6266921590895,4608.183434363868
230.29406142857485,230.49742399054776,230.5229454536586,230.43065153815894,230.56592507081837,230.63174556006612,230.6442430185774,230.62492933533923,230.6861577024906,230.6869242540475,2305.5850073522793
230.57482395938936,230.34689115104229,230.35606306780477,230.44864014915257,230.45048664645427,230.44022577183273,230.5816372226199,230.5534889026004,230.49557674099634,230.48198717233208,2304.729820784225
461.1067665866574,461.65579541695735,461.7041259613839,461.52276665265623,461.4825662055774,461.3523859916351,461.30539745387557,461.2842055314487,461.3123209228144,230.66171002354548,4383.388040746551
230.7681547164305,230.64461294284962,230.7005644369971,230.72491458690223,230.67410500988228,230.81762966127258,230.77923843510848,230.7888416583834,230.79958340044516,461.6362649134907,2538.3339097617622
230.71150947104368,230.47357035967903,230.44415592175272,230.44782242408704,230.55507305328658,230.48831997582081,230.51481597718103,230.49462673847043,230.48520630395095,230.4985851339921,2305.1136853592643
460.93373802228535,461.39874964391277,461.5342462236217,230.82212843549064,461.6051994688458,461.605093631207,461.6053053065332,461.5109702691402,461.5897476872834,230.79386845753422,4153.399047145855
230.89603928544764,230.7408599778229,230.71991723142415,461.47833498695576,230.75551158318748,230.76244132983678,230.78294206290636,230.79984798799038,230.77005924149836,461.58498536042606,2769.2909390474956
230.71531668284592,230.65177385363853,230.66213285827564,230.62167988165504,230.5956083123032,230.5851232339318,230.60775846220406,230.59727227890497,230.53030998738834,230.49573507551202,2306.0627106266597
461.22793219630734,461.0790458321429,460.9199667714417,230.41910021609382,460.9124747123999,460.943235916129,460.80297072227677,460.60045168572253,460.7471837887846,230.48317454647864,4148.135536387777
230.3390639721433,230.2249582808115,230.31864202022143,460.84273638504607,230.40644256295772,230.4032783669598,230.35398087319058,230.41097806211852,230.47159157448544,460.87248600997236,2764.6441581079066
230.41902110144287,230.71624206580768,230.64744026040816,230.5783625807347,230.56051213632537,230.55232720593287,230.60147192044806,230.7010667225868,230.65269872693779,230.57323953727442,2306.0023822578987
461.3274370046412,230.4483763662393,461.0416149027074,230.58224462609894,461.21910935989615,461.1174333649637,230.5956347242839,461.1502816928508,461.25361015586157,230.689699741955,3689.4254419394983
230.600019196949,461.1295264976456,230.5482085575337,461.13993026781066,230.56309975135,230.5756161786126,461.2474810003968,230.61016223051786,230.56059134816843,461.0735548781975,3228.0481899071824
230.55161435241018,230.68166422685903,230.70125177572382,230.69580605044456,230.62450663699605,230.6944050073668,230.70450347214265,230.73456617717594,230.68628986618867,230.5664003650095,2306.6410079303178
460.99078403533935,230.5734771992035,461.18038796801164,230.57588025289675,461.14917258936794,461.0925625836736,230.42743393025575,460.68956553536134,460.8337700528058,230.51518548640007,3688.028219633316
230.6237405001984,461.4325370108599,230.67249279343926,461.0883913140864,230.58570424606486,230.5280398658923,461.16401389219124,230.60316238537942,230.5707309134583,461.18118029149537,3228.449993213065
230.68851023895968,230.68734718122514,230.5982231277451,230.6666255730243,230.61232830642714,230.64794231469835,230.5693313891565,230.60580378645264,230.6208609281006,230.54966062831542,2306.2466334741052
460.85966788149983,230.64405805688628,461.30978405511064,230.61496991748442,461.42190852630813,461.44951187473885,230.74543509883952,230.74934921920058,461.38859853791445,230.74670452873144,3459.9299876967134
230.89357659321328,461.56096356522846,230.90075297192408,461.9263754949336,230.9469731817995,230.98711633868265,462.12406908817843,462.09691529652065,231.09601029222839,462.2538892045944,3464.786642027304
230.98436019071534,230.91367687480752,230.80601304953638,230.75667532835502,230.72316945404103,230.67434287978986,230.58911114885672,230.52397487632012,230.53371525346486,230.48349118165058,2306.988530237538
460.98455630945085,230.50568419717277,461.1935937148509,230.671356326538,230.71954706555593,461.4643725159884,230.81900573829913,230.79876318291016,230.8374255796688,230.92882722576866,2998.9231318562033
231.046707617624,461.80118816096314,230.8718118554963,461.73324563165846,461.7164087198522,230.85158650803115,461.53763201258846,461.63959927270986,461.6541016493183,461.5610164739241,3924.413297902166
230.71124508600107,230.64823297870743,230.7006966172034,230.7176433741385,230.7361528172395,230.77045602151097,230.86217525319242,231.0107583094082,230.92628437069544,230.8756508359794,2307.9592956640763
230.82763305661754,230.73356131642183,461.38035109317576,230.69083638961183,230.65304225319517,461.09277378920444,230.52186325000451,230.362283518949,230.43078340925214,230.5180360259085,2767.2111641023403
461.15440126678163,461.5147789010384,230.60266052601617,461.05861380987017,460.94086140597244,230.47895282731588,461.022400256105,461.1983479688534,461.0492695349548,460.8263862764664,4149.846672773374
230.46734389702803,230.04517911045178,230.20971587663212,230.25966268041057,230.2272224370192,230.3167185907165,230.3019382387306,230.29967261271526,230.29888228854594,230.33244949830083,2302.7587852305505
230.21721836220655,230.42171103005387,460.8444769488022,230.3997187503433,230.4232142528092,230.41482810268437,230.44689919308453,230.41904747298713,230.47399250491796,230.45009096597,2534.511197583859
460.6906724291541,460.95479221480815,230.45607907594396,460.78150855457307,460.8834057188694,460.84400224829204,460.7732300709,460.77997938550874,460.6559395831031,460.64260651296473,4377.462215794118
230.46713283639292,230.5578453693712,230.5441428566521,230.63837723513828,230.67619299581756,230.6261181827367,230.63082085479533,230.56880327119373,230.65425781586094,230.70820470156283,2306.0718961195216
230.59962300280773,230.51164880389643,230.51798323749915,230.48758113081527,230.45861158612993,230.5013033109835,230.498083729706,230.52120337471442,230.52455558033904,230.5063439836173,2305.1269377405088
461.10143338256364,461.4826190963012,461.25678047260544,461.1320085727616,460.9176980236271,460.8837222398875,460.6878788502859,460.845531842326,460.7538268927289,460.7632646475558,4609.824764020644
230.45718704230157,229.96784530656845,230.10865111392508,230.21463850498486,230.36565746347932,230.39892773936523,230.48858385018502,230.35980584137275,230.40254006706542,230.44291619555918,2303.2067531248067
230.42136819252303,230.89940240163298,230.78833899051176,230.68935610649635,230.6324060683709,230.6164228293619,230.63161345885916,230.66403563374564,230.58430453998668,230.46576095168757,2306.393009173176
460.97415954880415,460.93041385191117,460.8748070642112,461.0123712690523,461.0173329238996,461.0458381166532,460.9086232557096,461.01791355006407,461.0055623633753,230.48401890887044,4379.271040852551
230.35208320961982,230.52661446361722,230.53508794730982,230.43980375028158,230.42508671560236,230.41675317121675,230.35250490993354,230.40791921749934,230.52386929408556,461.2552481474044,2535.23497082657
230.74334585921977,230.52444999757253,230.5268784256716,230.49979906919233,230.52748554069075,230.48032486907974,230.60873581250607,230.5559971512402,230.39539462330694,230.38353047423902,2305.245941822719
460.65246131648206,460.8987574890448,461.0347523450585,230.58707755910976,461.114264963449,460.86024811059093,460.64176334080184,460.8307110310429,461.0794154202792,230.52788148699128,4148.22733306285
230.60989807770287,230.59832877810024,230.6425255285719,461.33097832786973,230.6038227299749,230.77540266020353,230.77241348954246,230.69707493433222,230.59471030855866,461.15080983924156,2767.775964674098
230.48554933147412,230.4133513595854,230.266668023913,230.22548482479274,230.23298833823242,230.2459692549582,230.36802982740357,230.3372456127866,230.33247585003252,230.34755002875818,2303.2553124519363
460.9976452840938,460.9273535469719,461.22444528648725,230.64138935693347,461.4654831361572,461.51419702265235,461.43364747779486,461.42026935087796,461.5380023362705,230.79058778484628,4151.953020583085
230.61370193662432,230.70043225694226,230.68951470735004,461.36063243661,230.66205357664566,230.57400533857776,230.51209748148705,230.5737148616225,230.54374685448977,461.1102517173687,2767.340151167718
230.6436088654429,230.5721040481533,230.42160554147418,230.31384668042952,230.26643099404544,230.2972226254465,230.34802442304755,230.30834019038366,230.256344508574,230.26413973048358,2303.6916676074807
460.3224758374053,230.33803620028365,460.7888381610019,230.532078601399,461.1274141143383,461.17061620222216,230.5403940907007,461.1612145698075,461.39600034193336,230.6757965398847,3688.0528646589764
230.70928865551838,461.3753287552521,230.7723870370504,461.48637436867756,230.7769105013353,230.77865644726216,461.3867481240162,230.77101151582085,230.76019308397713,461.53435202877506,3230.351250517685
230.8836204375544,230.53632866542708,230.55591794255392,230.66987629340815,230.67656302258442,230.73303244585625,230.84319561737928,230.70119890336866,230.65925232736868,230.70807251275286,2306.9670581682535
461.42645597718155,230.7927837086631,461.59382220048684,230.756516635141,461.5826571475048,461.3833645484145,230.75291964750014,461.6189058531874,461.6825797698978,230.83872248961936,3692.4287279775963
230.76826052255402,461.2569918286046,230.65647757205,461.2618002299131,230.61272454422775,230.59402360453205,461.16221809656554,230.46694815865433,230.49314897232867,460.85122835080773,3228.1238218802378
230.41643671938573,230.27267294333214,230.2223782501179,230.26345499390106,230.16134316902082,230.24475799188588,230.24575859959535,230.34372859047343,230.26932805922664,230.26803753936943,2302.7078968563083
460.4438613993174,230.28452567710778,460.62948499594114,230.2917696151101,460.62284547698596,460.5747937123945,230.26432408333622,230.22177274108859,460.5591474398707,230.33940656480138,3454.2319317059537
230.33645503071662,461.38130270636697,230.67762024845956,461.20505691625146,230.6587237973991,230.69815878370636,461.32933979842363,461.3280712674913,230.69474865786736,461.42788368373425,3459.7373608904168
230.71782845386986,230.7433194133911,230.55417536522492,230.4166740581775,230.4100023873412,230.29205938210953,230.2780196921751,230.36141368989897,230.25597582871768,230.1741054835596,2304.203573754465
460.4295929075307,230.31511136604237,460.7470256219778,230.47399250491796,230.43384286098538,460.9830785686866,230.48686867761745,230.4479279366726,230.4254823102271,230.42835700529858,2995.171279759956
230.36755535070972,460.0587120080373,230.01747696273077,460.3375797467243,460.4447038471443,230.24557427646909,460.6037710984944,460.6030334470771,460.74228066826953,460.7577812122165,3914.1784686178726
230.4192057023796,230.4241900394817,230.5412916714475,230.50507719697967,230.51972526777345,230.52075466167503,230.5330289126725,230.44041040674742,230.39075427728653,230.3946036420198,2304.689041778463
230.47847789358818,230.7843441815924,461.2302568321447,230.61732100222466,230.58456863417248,460.7839341539071,230.35466614827504,230.4997726791607,230.56270368406112,230.56257166193387,2766.4586168710603
460.96592691369466,460.83725105800596,230.41994410908444,460.84896027963174,460.9264565687425,230.6749772019418,461.2951447594926,461.2001968718813,461.2774414374742,461.3180289771652,4149.764328177114
230.75403046995052,230.78037596528367,230.82413970892483,230.67957614187637,230.5970345679202,230.50019492039178,230.59650632304192,230.65209095221985,230.59101271977272,230.54570047835637,2306.520662247738
230.49987823932344,230.52252312907248,461.2139320441896,230.670986316475,230.74403345289255,230.7914079442744,230.7367874793748,230.6641677720968,230.68462461465975,230.7005644369971,2537.2289054293556
461.25218352754496,461.2939292640882,230.7326357945231,461.52006877184937,461.3381139950419,461.48293644089847,461.5926580465173,461.5506995077099,461.4666995358093,461.4261915880487,4383.656116472031
230.7426582696449,230.63869429688546,230.6046943906317,230.5035992968336,230.57590666035844,230.5331081056323,230.42920096609532,230.4656290405574,230.517719295815,230.54379965469948,2305.5550099771535
230.46481119492069,230.4503811315256,230.38244957916987,230.4164894612972,230.39265257806568,230.38608775417651,230.35875152665457,230.42358346841604,230.45328282727112,230.41857278611363,2304.147062307611
461.28140474972315,460.916326233458,460.80724230132404,461.03992563879257,461.0807881814014,461.113631288371,461.2395027748036,461.17125003393045,460.9630772238989,461.0332742824586,4610.6464227081615
230.32667861430983,230.59721945419935,230.60596227244127,230.59814389004222,230.5973515160088,230.58522887228366,230.64091375352476,230.55314567282107,230.61755875503587,230.6592259008127,2305.7814287014794
230.72496747012832,230.58942807516473,230.5831161236367,230.49760871713138,230.47523256550076,230.5246347674774,230.50193668182192,230.4638086823813,230.40712815021246,230.38063053475577,2305.148491768211
460.7399082280643,461.0275204861652,461.0789930338861,461.006670776175,460.95115112667406,460.83324263236307,460.78324865585444,460.8847773130876,460.9309942591564,230.42906909681332,4378.66557560824
230.37137757962125,230.47639348537425,230.50679264055708,230.5387309448492,230.5795509480859,230.58240307970672,230.5528816506093,230.67204349123287,230.7407806420646,461.5413881803469,2536.562342642448
230.76183297663388,230.51901261584254,230.36998047434614,230.4286734898729,230.44597596947938,230.35938411432738,230.41169004622503,230.35630028223787,230.26213820422686,230.22314172256435,2304.1381298957563
460.5779020210477,460.98693126981345,461.216626347042,230.51872227743024,460.86552298752497,460.9632355390743,460.8515975738098,460.78973460369076,460.86663072702237,230.44824447500912,4148.085147821464
230.60678112018627,230.30952577604515,230.40277737722974,461.02794277825734,230.55451859807013,230.59571396026237,230.64009466336321,230.64382024943362,230.69207878474677,461.44618026089466,2766.9194335684892
230.50995968039717,230.66543630797068,230.60371707458546,230.53397923178085,230.4690323960256,230.50019492039178,230.49151289620298,230.46916431105174,230.33692937930738,230.29925110581658,2304.87917730353
460.6095143224804,460.775497396722,460.79574613301986,230.3224626261644,460.8268082001688,460.9408086393579,460.87507082185397,460.9893062546475,461.18979038222153,230.6194607951735,4147.94446557181
230.59436695603412,230.58726242942276,230.64984485605365,461.53847846759203,230.77587881843226,230.6270164311214,230.60752072959943,230.52070187202054,230.4572925634627,460.87311902244625,2767.231482146185
230.46832005749386,230.22319437602317,230.1477666726492,230.12474817356178,230.10809880380165,230.179105539015,230.26219087552468,230.28760758775795,230.21848198683983,230.22777531913727,2302.2472893918048
460.7166068916435,230.61290945566734,461.39383264616583,230.70622188531874,461.4417910653016,461.5149904935426,230.72917176417573,461.5354629858134,461.6749570289671,230.8723943132849,3691.1983385298804
230.76945084812905,461.63959927270986,230.79376262792718,461.4701372216703,230.71632138469266,230.6768273281447,461.03343264585527,230.53123388684438,230.65660970174184,461.3486328995518,3229.636007817267
230.71904469949175,230.59090707612125,230.53260655113925,230.53925892505944,230.52658806744503,230.5110417722893,230.6878229761536,230.65106038501838,230.45241231087485,230.3678980281259,2305.578640791719
460.75245607781636,230.45935024541882,461.0529121733495,230.57387330350738,461.23453633666634,461.24452215605737,230.63074159468857,461.3180289771652,461.61520134472096,230.845842520178,3689.7274647295685
230.7711966811851,461.05945850875554,230.5709685702159,461.3019093726779,230.6686077086989,230.64043815207748,461.32511138911207,230.55443939039975,230.56647958089857,461.1724648829079,3228.6310742369287
230.76717601438753,230.40768189674293,230.37791520305996,230.33811525933183,230.26874864035858,230.34133037327186,230.3517669353978,230.44594959177078,230.41337772983186,230.39307442693143,2304.105136071085
460.6292215193197,230.6988989793753,461.39726924646794,230.67265137110647,461.2081209099101,461.11468741446856,230.55206318559567,230.4883727506453,460.9911007038631,230.49900737087233,3458.251393451624
230.36246802898592,460.91437408460314,230.46628859771832,460.77560285428,230.46911154502317,230.4932281378916,460.9308887304577,460.89764959510234,230.46805622952547,461.01395476431514,3456.7916225679032
230.594182074329,230.57952453978947,230.42545593720985,230.44840274450345,230.42917459222684,230.40019335953727,230.43439673593247,230.54585888174262,230.34119860454325,230.25134109695182,2304.449728566766
460.28895606741554,230.30523137928435,460.7373249320714,230.38302957038496,230.44587045868124,461.0061957414653,230.46882133229786,230.50383681522183,230.62918282366013,230.68938253995682,2995.4578316604398
230.71999655283616,461.107505852406,230.44766415538982,461.10433758731597,461.0495862838346,230.46979750527933,460.8967527324786,460.74038271415077,460.92234106632765,460.9678794992668,3918.426243949286
230.6934533651701,230.6403588853603,230.6361314060519,230.52149371937665,230.5210977950186,230.5354311233253,230.59101271977272,230.5583206302515,230.4948114605705,230.4363221314639,2305.6284332363616
230.31542753961577,230.51373384985405,461.23157765840085,230.6635863644842,230.64485075193693,461.2388159206032,230.46992942118135,230.52645608667476,230.54163486593308,230.57532569759866,2766.721338156283
460.9608080516675,460.3204760909618,230.07888274829438,460.2610704971729,460.3205287156456,230.133876101679,460.4081655055074,460.45049575940624,460.3758965482428,460.2895874779359,4143.599787496514
230.19797612614602,230.45019648063294,230.50241171223496,230.4177025319252,230.28605345156402,230.25102509930767,230.30278127374362,230.29759143740137,230.26972311921764,230.30296568847544,2303.278426920649
230.32646781123688,230.6013662672128,461.24008396072486,230.63116431588745,230.76416060623012,461.6316604013739,230.8896840577912,230.88690375570002,230.9472381073867,230.9480328877952,2768.866762171339
461.805054549108,461.45797333248987,230.7496930334144,461.62790276415075,461.5050458555765,230.79122274647466,461.4542185223153,461.4362914682004,461.3124266262409,461.2093359531512,4153.349164851123
230.63581435135114,230.6668105709126,230.61840410233478,230.52104500520693,230.53854615234695,230.54686210824377,230.47821404236302,230.5107778465008,230.5744278518192,230.64204992047738,2305.7329519515565
230.76950375177296,230.33463671255095,230.3771243417869,230.4205506609896,230.50637037515367,230.51024999673686,230.5764348108624,230.55517866410634,230.54799734876192,230.46739666224718,2305.065443324969
460.6524086158766,460.66785040912333,460.8420507120248,461.00366223954757,460.94735179168754,460.9712042100597,460.9480905463631,461.03337985804427,461.01865253093405,461.14647907454884,4609.2311299882085
230.5132587727735,230.84195159403234,230.75551158318748,230.73334976790466,230.77281027765076,230.76987407795943,230.73057322957445,230.69266033600366,230.6362106698633,230.64117797739854,2307.087378286348
230.7331117762865,230.49217260152366,230.4381156795344,230.4472157285949,230.3962119763427,230.37303831170883,230.4196012768115,230.38210685846084,230.39064881704937,230.42513946147383,2304.4973624877866
460.7544068553397,461.49145201724554,461.5228195525952,461.286477888783,461.28568520344925,461.3043933038814,461.3041819044397,461.0299486762597,461.0847481150526,230.49061570302717,4381.554729220074
230.5323689734569,230.39671293752141,230.39861133649478,230.3950254980304,230.27393717680266,230.27496437671897,230.16415865075996,230.36934782847496,230.3835832010872,460.7635810035767,2533.952290982924
230.36080744929413,230.09026850147706,230.1086248133829,230.23498935775552,230.40644256295772,230.41672680019764,230.4232142528092,230.35303203749694,230.37749340970527,230.4084465987084,2303.180045783785
460.77533921047547,461.332775438065,461.2219093851874,230.5571324817245,460.9184894447467,460.5732659150454,460.7424915530258,460.91812011455266,460.8992323023649,230.4129821767683,4148.351738021956
230.59695533103417,230.75926734841502,230.8219961160988,461.4985926495942,230.78783632482978,230.88327622412467,230.91627242318918,230.8899223725147,230.97508517587067,461.9515483027244,2770.080752268396
230.8802577810877,230.71190604974376,230.6923431258637,230.7280347387204,230.72901310878828,230.72306368926155,230.6944050073668,230.64627761675914,230.58462145308224,230.60049463171563,2306.9904172023894
461.0632068974007,461.33589398604465,461.20516257052753,230.5831161236367,461.1192288118163,461.3693549588363,461.3342554216801,461.32003740025385,461.3455670386581,230.6964404906436,4151.372263699498
230.73001792992716,230.73498927905928,230.82898278745418,461.4835711314023,230.80368457556875,230.77339223601115,230.716850178653,230.75820937401033,230.74903185314335,461.4172025378032,2768.9959318830324
230.63253817048584,230.2447843235563,230.17836867508973,230.3822914002544,230.36151912337337,230.3184839289134,230.3815268718916,230.31079041420494,230.2374906810733,230.21292740708824,2303.260720995931
460.59275926225666,230.59521213331843,461.2168376662441,230.52381650300455,460.951889893528,460.91173607188176,230.4920934366858,461.1484331900099,461.1935937148509,230.6504790434803,3688.27685091526
230.60778487696817,461.43645010858825,230.79664651943182,461.5508582267738,230.82358395881357,230.88926038838633,461.62308672701676,230.7997950704328,230.83774318892154,461.7158792771305,3231.0810883424638
230.930840359085,230.65386143532302,230.68404310391648,230.706010386931,230.68377878182054,230.6338063584891,230.70386898759475,230.62894504688092,230.6198306399548,230.60704526586065,2306.852030365856
461.0688031966879,230.5642351517864,461.2145131656717,230.64022677428608,461.36956641801527,461.39340968351286,230.65917304771884,461.069700729026,461.2606905899439,230.68914463903064,3689.9294633956792
230.74242025882373,461.28378276976355,230.6345461412651,461.3253228077367,230.67413143984777,230.6546541977612,461.2930308585585,230.8188469593433,230.7958263227709,461.5142499206268,3229.7368116764974
230.70209773670226,230.57535210493333,230.56621552814678,230.5678790705803,230.5803960167659,230.65473347430475,230.68496823602246,230.68097700484333,230.61475858637277,230.61375476888176,2306.241132527554
461.2530817739746,230.48040402583376,460.9648186968096,230.472884376964,460.8730662713403,460.78171947524055,230.45594717589674,230.5035729059318,461.1470600260641,230.5488685874397,3457.4814233154952
