322386.26152719895,327969.1780368414,336494.730475174,343037.17614231235,350601.90838678647,358263.4046220539,367201.76835056907,376471.6026543221,385125.91538377095,394566.85212181706,3562118.7977008466
461.27855115803885,461.4011288739942,461.3371097026109,230.6059886867939,461.29324224778003,461.22735104100934,461.2607434298214,461.09947966540466,460.9660852308275,230.4909323586446,4150.960612394925
230.45544595709424,230.49979906919233,230.44381301742854,460.84162876041046,230.35867245343977,230.18786931812335,230.22867046724414,230.20466184623308,230.34992201974524,460.3848977110939,2763.9553806200047
230.0211036195604,229.8904322259932,229.9379820507599,230.0103028263196,230.0434442450287,230.19010642570902,230.0827216985062,230.09920960560743,230.02893548603447,230.19434388985061,2300.49858207337
460.4966783087022,460.1108622442514,460.35868477827154,230.0922144473339,460.24449859864575,460.22072132412677,459.98765531529153,459.9805088156427,460.13378685455075,229.99613981963967,4141.621750506456
229.5440520997314,230.15108171582006,230.08903257998367,460.1148581128527,229.9702357528954,229.97538457531624,230.09166221611062,230.21226929928548,230.26082142961303,460.76300101787024,2761.1723987994783
230.9916217221851,230.72843137423436,230.69932195046155,230.70037938496276,230.71917690087548,230.68938253995682,230.7350950547726,230.6665198600785,230.5714438852009,230.49723926426023,2306.9986119369883
460.78145582443636,230.68203427117888,461.36332845371805,230.56280930187177,461.07038707964233,461.0560797317846,230.50824418968105,461.132800730019,461.35629773006247,230.72832560463064,3689.2417629170254
230.76897471642548,461.4436419207318,230.7127520888607,461.641345861048,230.7970433908767,230.89283514777597,461.7236092614155,230.84433377814398,230.79746672192235,461.5608048392144,3231.1828077264154
230.76886890964707,230.40528234766734,230.40079980746393,230.52724797356328,230.56175312811962,230.54651889819505,230.6217591355335,230.55538988603615,230.54366765422057,230.50381042426562,2305.435098164712
461.08812731222156,230.86236056488102,461.65923592073716,230.70667132068024,461.44972340740077,461.41508751805566,230.68235145296936,461.4701901095452,461.54355726281443,230.83459360247255,3691.7118984717777
230.72412134141996,461.349901543565,230.69355910280424,461.56487884146696,230.76656763622054,230.7691863302734,461.60784542559014,230.82805649988666,230.70513796018048,461.37548735372513,3230.3847420351326
230.6908892572173,230.71473501735517,230.88126391999742,230.85915736185197,230.8897634959777,230.9157692000657,230.92808555392077,230.9062348606075,230.8993759200205,230.91987450537428,2308.6051490923883
461.9415318463519,230.88303792312072,461.7151380593601,230.88544743370832,461.7942500103219,461.77804415005875,230.85124239011046,230.66686342750663,461.68480311675194,230.84343383614552,3463.043792193436
230.9165372783457,461.26444225132843,230.60532832979376,461.1485916325298,230.5768837406931,230.5581094029517,461.00767363044366,461.17241206325406,230.53128668132268,461.1779053720588,3458.959170382722
230.61626432899473,230.58818678543426,230.61106035461532,230.62691075447768,230.61845693674672,230.6374260551271,230.66036224818893,230.70754375902783,230.70690925775702,230.62860159239872,2306.4017220727683
460.95874998454514,230.5307587376278,461.09921565084215,230.58998269830008,230.6165284963944,461.1085619504446,230.60197377463783,230.59130324031335,230.5618587450594,230.60334728148493,2997.2622805596493
230.76900116813525,461.6729455143092,230.8225783225577,461.60361190935924,461.5518634500468,230.77209606003822,461.52038616795426,461.58778982990225,461.6560600692737,461.6545250900629,3923.6108575816397
230.76889536133257,231.19879402058558,231.08465740858497,231.01881676844266,230.94827132298445,231.00315100378438,231.02798925133064,231.02061939543475,230.91764967663755,230.87048809872476,2309.859332307842
230.78638125230412,230.3765971039548,460.9681433634507,230.5367510405991,230.55113911917735,461.1059217144187,230.53371525346486,230.56085538803833,230.5236317344114,230.560538540267,2766.5036745100865
461.50446400173297,461.58567324601125,230.7640283532903,461.31115818832,461.3584650731545,230.72118638056128,461.45242046584036,461.3699364720449,461.50472848057086,461.47151231035576,4153.043572971883
230.52086024105657,230.2638236977087,230.2571082063179,230.37425092486535,230.4187046433823,230.34180474194312,230.35145066204421,230.40428035295608,230.38463774311924,230.36776622899902,2303.6846874423927
230.36070201647118,230.3372456127866,460.77175368468585,230.38284502740885,230.3130562589745,230.35840887644912,230.35311110683952,230.16800044724206,230.16405339786678,230.18776404354352,2533.396940472268
460.4531284949677,460.4364374611279,230.20279296411152,460.3946888492865,460.47719309320547,460.32568599302834,460.33826391939175,460.6560976873794,460.56604852668073,460.4774563959373,4374.327793385117
230.24773350875444,230.36895242657002,230.3721156798152,230.37237928817356,230.37119305531175,230.41543462765526,230.38102597675004,230.21737631452712,230.36892606649127,230.40760278993275,2303.5227397339813
230.56027450112282,230.70754375902783,230.72060468547355,230.7350421669038,230.76360514490167,230.75397757340085,230.79577340705748,230.9364561270086,230.89487413418692,230.90178577163078,2307.7699372707143
461.6363707654241,461.75056034045303,461.50171343978866,461.5214441581235,461.45072819019344,461.48335956770705,461.31469926162737,461.22016596921964,461.1638554390734,461.09551947871256,4614.1384166103235
230.4353198667612,230.110123953883,230.20739941848578,230.22074601566598,230.2509987662098,230.21408568595993,230.31163351402725,230.40486045409511,230.36310063707066,230.38421592514794,2302.902484237307
230.43824755917092,230.64548491190058,230.5589279108944,230.55964080964415,230.5757218082537,230.60503777391185,230.6045359063858,230.6222874961153,230.67336497330706,230.66218571272591,2305.94543486231
461.3142764440461,460.96719345380245,461.14331027386874,461.1037567434388,460.9513622026764,461.0463660238366,461.04889999514506,460.9414418395293,460.91469064815897,230.44571219266518,4379.877009817168
230.40145899361391,230.41166367636484,230.38814416479192,230.3467066659573,230.32061817988375,230.29461463176258,230.26922271012464,230.2037405625217,230.228696795235,460.4509696495855,2533.3158360298416
230.25134109695182,230.429491079047,230.4670009236923,230.42118358812132,230.5003268710937,230.52962366687203,230.5124405890584,230.59008834110455,230.59222762872201,230.60733582680137,2304.9010596114645
461.4276192929653,461.52239635342306,461.2991612246436,230.62329138789048,461.18667380919084,461.11004049582596,461.1668132485598,461.08337533035075,460.91442684516556,230.42709107569485,4150.76088906371
230.3817377757607,230.6764308700314,230.7845822789105,461.7385405118039,230.85563658834243,230.8644254866806,230.84152809978193,230.82551586357525,230.85645721016377,461.7330867871303,2769.5579414721806
230.76876310296566,230.5375957955863,230.51370745663152,230.43648038458238,230.38508592640622,230.27219885935955,230.11007135213129,229.99070105797742,229.84686434615548,229.79699152945253,2302.6584598112486
459.5737348924818,459.7934126221857,459.86325386455104,230.01689881061668,460.2085180134236,460.5018395339047,460.8814538488648,461.00213159563293,461.4522089307057,230.8609574980684,4144.154409610435
230.8685024920299,230.62337064287652,230.60472080469387,461.1703521061912,230.57801927689152,230.54443325910242,230.4457649479797,230.4940725739467,230.53683023611617,461.18920932303826,2767.0552756628663
230.76836632877456,230.82972382286084,230.70537589409443,230.74625493738066,230.74580534778187,230.7044770352168,230.716638660778,230.77048247356032,230.65674183158507,230.50874563817243,2307.152611970205
460.6532518270108,230.22861781128046,460.7273610617345,230.34828797627486,460.73479438449226,460.68497988916874,230.44457795924498,460.95468667521214,461.04731625981316,230.57067810091203,3686.3945519451445
230.7696624628502,461.21504145919886,230.6028454213169,461.2377063912161,230.63272311370102,230.6595430198844,461.2786040020085,230.57382048952155,230.60899996265843,461.1494894755329,3228.728435797889
230.52664085979546,230.706988570225,230.57036122614247,230.5674301758128,230.5490269951795,230.61185282286377,230.60815468430098,230.67904751876327,499.6970207259525,230.636818360894,2575.1533419399298
461.1363390656637,230.44323272012778,461.12076023341587,230.51304762803292,461.00635408625976,460.9624439642846,230.47159157448544,460.7782920383199,460.70458811916734,230.343754944786,3687.480404374543
230.3266259135054,460.9865090528494,230.52049071364434,461.0785178501189,230.56574023471768,230.5417140648056,461.0523842511751,230.51795684330352,230.56405031839518,461.2002496978999,3227.354238940415
230.7694243963162,230.51573975244986,230.49737121157827,230.4920934366858,230.48159138366853,230.49578785373225,230.4829898430301,230.5583470336912,230.50233254036348,230.47441465170334,2305.2700921032188
460.55156175099484,230.86445196027682,461.5162071542069,230.8189263487939,461.66331166080187,461.7898541907055,230.93876079005724,230.76315548768954,461.7794740331522,230.98663930836614,3461.672342685045
231.01558271405506,460.82575339236143,230.53081153188845,461.00809588617784,230.48143306858373,230.3616772737659,460.59866027648513,460.79996484375266,230.32304231538237,460.25175852159134,3456.196779824044
230.1314033349443,230.37952330439379,230.3644976588996,230.3620199336947,230.37013863635687,230.35925232494236,230.29379799941958,230.36644824602496,230.40900035157622,230.5219952255159,2303.5580770157685
460.96476592470987,230.61222264324363,461.25339880296156,230.62072883936233,230.65724392636992,461.3848977249602,230.7037632405094,230.6297376380517,230.60213225536208,230.57775519770777,2998.006646193238
230.61246038554273,461.1127863909761,230.56750939240945,461.07814826342155,461.0623621847805,230.55269683542085,461.44422362121924,461.62906709590436,461.68771467477677,461.8754553191079,3921.6224241635596
231.10898259243396,231.15605588484277,231.1584445562258,231.17455610702484,231.10330537387128,231.14806746473593,231.1087703549456,231.15629474975958,231.13973461820714,231.0778143867284,2311.3320260887754
230.88981645479905,230.80050945950748,461.6600298904304,230.84777479755041,230.8479600861214,461.70529067767455,230.8428515244738,230.76413415563002,230.74681031518625,230.79876318291016,2769.9039405442836
461.70253772136664,461.87116391301174,230.9085389204978,461.732557306159,461.9041197185441,231.00129563939092,462.04696489813415,462.09638498079846,462.0459044971921,462.0218877194142,4157.331355314509
231.11550908549697,230.9285888307266,230.7567811239523,230.7848468320624,230.771143776765,230.72528476999395,230.70209773670226,230.64894642983572,230.68655419403916,230.5807657362612,2307.7005185158355
230.35071269426336,230.41089895304495,460.82649175731956,230.47599771592164,230.41630486471269,230.41532914482227,230.4246383766697,230.44718935060249,230.35972676743413,230.49584063197665,2534.623130256767
461.40794946955407,461.6722573685818,230.9279266248589,461.69464962451843,461.7359989541788,461.6826327064788,461.7046024355198,461.8796408413771,461.8955889061965,461.8414971139293,4386.442744045194
230.81043198726985,230.59180505024418,230.63459898307357,230.68404310391648,230.743504534319,230.7364965921294,230.70894496169797,230.58369712565508,230.62823171948497,230.57342438539914,2306.6951784431894
230.76902761985107,230.8783249598912,230.91484221584278,230.9022624515347,230.87615388426204,230.91555731730145,230.9429993709269,230.96231337457678,230.96114755435502,230.91751724770748,2309.0401459962495
461.54033009873666,462.0125573710299,461.7287980261809,461.6657994855617,461.6534664896579,461.6547368107265,461.49055284217025,461.7385405118039,461.8546347976298,462.0130344819752,4617.352450915473
230.79648777123603,230.71306935512928,230.66403563374564,230.49974628913512,230.460220814231,230.49111707482325,230.47652540882714,230.38302957038496,230.31276643913367,230.183868951783,2304.9808673084294
230.30117424358116,230.12361709744658,230.1584751322779,230.37335464434503,230.39433998279767,230.35371730693606,230.33803620028365,230.3228315189655,230.32330581144606,230.40470224440386,2303.0935541824833
460.7271501908287,460.6014000844896,460.6446090592228,460.6367570696572,460.7078563197828,460.64155254824345,460.85434039177517,460.88171761411553,460.8994960879655,230.5171122322353,4377.111991598316
230.5489477912824,230.6940084888307,230.82406031588795,230.83284681006606,230.77955588426187,230.83083538489197,230.79947756559693,230.79595861216063,230.77511167558657,461.37199821250556,2538.252800741071
230.71729965542517,230.65438994300965,230.43756178670938,230.39768849975297,230.35008015421462,230.28913540310717,230.26305995541745,230.22948663776123,230.22745938617322,230.2598733612163,2303.826034782787
460.46402834052776,460.5146904339852,460.7480800694075,230.30515234280804,460.7255159478536,460.789629139664,460.8701122286823,460.91469064815897,460.8562392848767,230.47050985294422,4146.658648288909
230.65261945179293,230.717722693987,230.62918282366013,461.46468983549113,230.7904025883628,230.8131575242488,230.81299875333877,230.81961439298675,230.890584360439,461.7052377358975,2769.2962101602043
230.76921278203167,230.66913628396534,230.7377923682295,230.74120376673943,230.6985817520784,230.68277436338016,230.6706691659372,230.65372930877982,230.57141747876142,230.47847789358818,2306.672995163491
460.7557776818601,230.48209271620527,460.9101532787434,230.4124284047609,460.6599976272165,460.5699469419381,230.25063010347216,460.64687511940804,460.6511965052793,230.37440909273994,3685.7135074716234
230.36652732457813,460.46650325657544,230.2261430081562,460.4770877721971,230.32949814250583,230.37973420459457,460.8201629915982,230.2857636996784,230.36613193235522,460.8441604816868,3224.561712813925
230.25813525609888,230.20471449123932,230.18642180109146,230.19363324833034,230.18576384482247,230.17560547738722,230.12808885863086,230.10160278371305,230.0769370279289,230.06276581424035,2301.573668603483
460.6051410288235,230.47217201462053,460.94592705721465,230.49953516914806,461.0698591174484,461.15313369773287,230.5230510350469,461.2757504449761,461.2805592373952,230.63858860953954,3688.4637174119457
230.61835126794702,461.24510335462804,230.70437128757402,461.2735838789565,230.64471863571677,230.6302131953691,461.37612174870765,230.67201706174583,230.67029915807868,461.34361125213496,3229.178390840859
230.61668699712473,230.6831972753416,230.6101358152091,230.62125719522322,230.5647104390103,230.46861026895672,230.5182471797877,230.586971919064,230.59748357796957,230.59230686235904,2305.859607530046
461.25757305860094,230.67119775065137,461.3086213334045,230.5101180346736,461.07387166044714,461.19533692993747,230.62482366060817,230.5678790705803,461.1101989119649,230.48547017118585,3458.8050905820537
230.4552349182507,460.9636577134071,230.5006963338629,460.9440801923025,230.42197475192566,230.45626373626374,460.927986710177,460.9422861091307,230.47043070298622,460.9381175580375,3457.020728726344
230.35593128221967,230.07123152416628,229.92768798559814,230.11859314954395,230.10299663565962,230.10888781907533,230.0989203237143,230.08642929942508,230.0820380404628,230.16071166855565,2301.113427728421
460.56905135421556,230.3431224429484,460.7148145787711,230.34230546654916,460.8900527515485,460.8537074308854,230.39006878747063,230.362283518949,460.4447565002358,230.25305276593116,3455.163215597505
230.30567925367478,460.7356906169141,230.4598251003192,461.02097505766295,230.39652837262318,230.36958507026947,460.71381299823975,460.75108527106056,230.38165868676455,460.53064972223126,3455.66549014976
230.2698021313785,230.22690650557257,230.2623225538746,230.26158515705472,230.32646781123688,230.2582932645707,230.26466645370283,230.23414681898004,230.3487623736038,230.51518548640007,2302.968138556375
230.6224460047619,230.40820927686556,461.15846809785575,230.4829370706706,230.44560668210858,461.03021261150684,230.51497433812986,230.47148604022954,230.55417536522492,230.53030998738834,2766.218825474742
460.86657797740173,461.3561920065301,230.52413324985332,461.1998799160237,461.32394859014033,230.65312152863066,461.15836246497247,461.2434125992169,461.1171165228529,461.0494279093403,4150.492172764962
230.62759765439299,230.55243281423708,230.67849246710202,230.6869771198599,230.65993941995026,230.6677619933112,230.6997184872635,230.73974928217098,230.74987816456928,230.7180135338982,2306.7805609367556
230.593548196448,230.53751659954327,461.1533449587571,230.54826135978712,230.55045267463322,460.9801758911965,230.5538057309961,230.52735355889283,230.60501135977705,230.63639561896844,2766.6858659489994
461.2854738211537,461.36850912405873,230.56236042684478,461.1484331900099,461.1164828399374,230.56283570633954,461.14785223503475,461.1282062558106,460.94112523922615,460.6563611947477,4149.9176400331635
230.32657321272512,230.14318891288454,230.23377821020483,230.22335233654414,230.1675794221922,230.24412603360298,230.23730637118456,230.28091704896866,230.28684368768535,230.3839786532179,2302.52764388921
230.3260725565151,230.52455558033904,461.05285938107767,230.5211241899335,230.51109455751953,230.47700033450812,230.397082068205,230.41717510834357,230.5315242567743,230.57749111912892,2535.335979152345
461.53964234829147,461.1369199916305,230.5545978057949,460.9835535557562,461.1238759156555,461.1304770764479,461.29424634922833,461.22148673768186,460.93537374276906,460.83899158032705,4380.759165103583
230.32601985598802,230.28779197818994,230.21813975379862,230.28876661823577,230.27672907489364,230.28281354016778,230.26772149589513,230.1974233871415,230.30736538465058,230.33948562479026,2302.792256713751
230.3264414608799,230.50784831083422,230.58639090054254,230.58575706549487,230.60086441566725,230.58990346626027,230.59552907639733,230.62492933533923,230.60025691408725,230.5745334803715,2305.592454425874
461.3541832686213,461.42820095305683,461.4515214428575,461.58207509794426,461.6008072476199,461.67469235498436,461.6512434446099,461.45844929870674,461.43798363796134,461.63896415295454,4615.278120899317
230.86143400941305,230.80384333366504,230.6637977850951,230.61018864583264,230.6208873458664,230.62101943478623,230.63407056607858,230.69768294614167,230.59732510363483,230.49869069306712,2306.6089398635804
230.3264414608799,230.35719643006092,230.41147908751253,230.42574604073155,230.41147908751253,230.3994023453003,230.39813673381852,230.358487949483,230.45011734462668,230.4839397496334,2304.022426229559
460.82079586034786,460.6272718016887,460.68740447233375,460.5930753841858,460.533072681186,460.44217651291194,460.26659472855175,460.47529732242566,460.3496320090293,230.15173947383494,4374.947060246495
230.24104528665168,230.17128975846754,230.20413539749507,230.15339704070743,230.17486863587098,230.15313393326053,230.23330428637104,230.13616477356186,230.150266101103,460.45865733764487,2532.0762625511343
230.32757453167477,230.62154779197866,230.49903376072874,230.61758517204515,230.63026603519208,230.65092826168421,230.651800278487,230.67997261080114,230.6768273281447,230.54181966338697,2305.8973554341233
461.0147465160258,460.73068230396245,460.9723652314758,230.46539160090362,460.83640717312835,460.9605441958812,461.0166467312272,461.18994885316204,461.2718400723091,230.74292272668873,4149.2014954047645
230.60485287509545,230.72412134141996,230.73557104668254,461.43110927551135,230.72502035337865,230.75902930332816,230.820672930524,230.83414366856732,230.7397228371667,461.46802171661767,2768.842265348292
230.7940007446795,230.77923843510848,230.651800278487,230.6520116774928,230.71563395616798,230.63909062529535,230.54356205394626,230.51518548640007,230.5723417077416,230.53925892505944,2306.4021238903783
460.9572196388546,460.85201954367943,460.41785233950793,230.24273047135085,460.46776705375464,460.5795879009164,230.2914271641418,460.5686299023749,460.3300539816034,230.06946997418603,3914.77675797037
230.1328238540202,230.1037593165141,230.37227384475784,460.6755980469294,230.30599540135213,230.28715978365247,460.57642688628664,230.27156675043267,230.27891523103543,460.91036431720045,2993.9148834321813
230.6342555117514,230.56864483627666,230.65634544250955,230.66215928549775,230.638192282855,230.63486319247906,230.6663877190325,230.62358198977233,230.72837848942038,230.6074679001983,2306.420276649793
460.92133858328106,230.4997198991156,461.0262008283636,230.5124669819908,461.09657552184575,461.0374445548605,230.47235670073115,460.9923146039012,460.8570832423892,230.4820135582913,3687.8975144747706
230.49673786582946,460.44702059456375,230.20371424023827,460.47766703833946,230.2087682290285,230.23072406861502,460.33173804753204,230.12556360742587,230.24502130886097,460.4904639257494,3223.2574189261827
230.15576503480003,230.4551293989739,230.20658340456063,230.1387428722711,230.08884850770576,230.06213485459776,230.07175736520924,230.13116658346993,230.11130749965483,230.0776995360427,2301.4991350572864
460.13594272669843,498.4939916066597,460.6693788340426,230.37567444355545,461.08422011996913,461.1953897548428,230.7035517466295,461.4066276329563,461.43570978771146,230.7751910349548,3956.27567768802
230.78471455541066,461.5189578889202,230.77267801479638,461.5128216795725,230.65370288348933,230.67582297023782,461.4393056542227,230.79201645342337,230.72126570284595,461.44871862898384,3230.320004431903
230.73673459073018,230.54308685390905,230.47494233735975,230.4758130239756,230.52012118741683,230.47475764710515,230.39958691480314,230.32960354676754,230.30625885841297,230.23925480493776,2304.500159765418
460.48493431923106,230.59851366645472,461.1061329321881,230.56603069158038,461.1061857366607,461.12857592276237,230.6010757213149,230.56415593743958,461.33066119222985,230.71336018330868,3458.19962630317
230.68665992534898,460.9441857270417,230.59603090472075,461.28188035176976,230.63414982847348,230.64067595255594,461.24462782841584,461.1828705906931,230.59552907639733,461.3146464093873,3459.1212565948044
230.76876310296566,231.0418819129118,230.98496971777433,230.91158458746608,230.9034806424531,230.87424760761928,230.8043725288966,230.9393700764821,230.95881594921917,230.90642024303563,2309.093906368824
461.5437159769662,230.39128157992067,460.807769662254,230.4081829078021,230.41050340849202,460.86663072702237,230.46351848301086,230.41894198684622,230.41722785059306,230.37034951937568,2996.0981221022835
230.35864609571357,461.0127935333921,230.46378230059017,461.0264119731042,461.0238254633588,230.42558780235643,460.89084407773396,460.9000764173495,460.8944314571898,460.9687766387245,3917.9651757595134
230.4916976133121,230.6189324475437,230.52188964509472,230.46647327439987,230.43191750688428,230.43194388138065,230.43017680347313,230.45871710859558,230.45143628516024,230.4168059132731,2304.7199904791173
230.56927857725134,230.35192507240023,460.9893062546475,230.5554954971462,230.5016991673496,461.17478895965564,230.5770157792113,230.50064355339478,230.51278369765114,230.56579304500193,2766.29872960371
460.8105646953347,461.4825662055774,230.5988570313282,461.06278454070366,461.03760292112213,230.47536448762466,460.9371150063637,460.9798592376817,460.8307637724534,460.7578866616653,4148.973364559855
230.41361506232192,230.04176197627422,230.20534623319224,230.20505668436675,230.1671320847644,230.161790483947,230.1432415297783,230.187527176091,230.17597389991445,230.1546073427113,2301.8560524733616
230.21253254195506,230.2960108230548,460.5968688811823,230.3286022101761,230.46934899234205,230.51075145395518,230.563601438536,230.52035873985568,230.5163732026277,230.5932840816928,2534.607732365377
461.4321139772429,461.02340317880936,230.48895327531,460.71945353486825,460.6598395202632,460.54871718208864,460.388477218697,460.4535497354514,460.45691968706785,460.2845362422766,4376.455963552075
229.9195216661105,230.27643934647188,230.27222519730682,230.3764652948738,230.34805077834315,230.3777833924707,230.4035947826487,230.2321194853225,230.35606306780477,230.44834998798117,2303.010612999334
230.47602410050953,230.63581435135114,230.55523146955252,230.46462652090284,230.45842692204758,230.4651805438443,230.42619438397463,230.60310955797516,230.6154189973827,230.56579304500193,2305.2658198925424
461.16866189875606,460.90218671833827,461.1395605826541,461.31982598647363,461.3981151867018,461.37331985069795,461.4089540704336,461.38643091169536,461.2726855526734,461.2739009361272,4612.643641694552
230.76934504091403,230.6396454873575,230.5841724931206,230.6418121171657,230.67151490264266,230.6997184872635,230.70846907963718,230.61341135964102,230.64609265180476,230.72311657163917,2306.6972981911863
230.7689482647218,231.0122427201455,230.91224669961252,230.76897471642548,230.68932967304193,230.6484443711742,230.65425781586094,230.7847939213835,230.71692949795613,230.5768573330076,2307.5330250133297
460.65346263027675,459.67452127557556,459.92103333096134,460.06212874827986,460.13199907345813,460.01535009901704,459.9300167156653,459.7743543741192,459.65305914871306,229.79825054517084,4369.614175941237
229.88470971896794,230.23677977312838,230.24167722802306,230.28326132737047,230.2282492202091,230.30222803132017,230.365604744836,230.2698021313785,230.3710085312979,460.836618144058,2533.0199388505894
230.3216721455697,230.33848420227432,230.3220673851888,230.29493074906316,230.30744442264586,230.31771982398408,230.33023597436383,230.42819876333743,230.36884698629126,230.38252866870906,2303.412129121428
460.8254896911641,461.0404535324362,460.79063104986767,230.3283387019938,460.7340035940744,460.70511524516263,460.6670598484896,460.5316505065351,460.5909679128548,230.36307427833108,4146.576784360909
230.62094018141616,230.51220305293867,230.64981843165322,461.3340968515529,230.69546239679374,230.6981323482346,230.71626850542995,230.78984700069572,230.86175168473565,461.718844172011,2768.5973646254615
230.83557287644706,230.9840421778746,230.8748300776981,230.9182058798026,230.8777689488284,230.87655102919155,230.88174051517328,230.9399263842865,230.86143400941305,230.7947150978845,2308.8447869965994
461.4662764395508,461.1098292744766,461.3311897518719,230.67035201627152,461.4159863990792,461.37855361230254,230.64971273411206,461.0613590925642,460.9531035870717,230.5593503688806,3920.5957132761814
230.45570975619222,230.25729254791162,230.13940055976045,460.3288435668281,230.1992921820788,230.23728004122452,460.5565134918029,230.28810807676035,230.3680561872772,460.66468818286864,2993.495184592705
230.46367677348596,230.83170876256952,230.8777424721779,230.87496245767136,230.833958402175,230.78146059752237,230.81498340541384,230.86675518639083,230.81707394250904,230.7232487776893,2307.885570777605
461.05534063092347,230.65362360765423,461.48335956770705,230.72266707220209,461.4820372990065,461.57350326532156,230.78085214403546,461.4773829734587,461.3370568452357,230.66398277844758,3691.229806183992
230.77926488917123,460.8484328244183,230.41263936521176,460.82791575356356,230.41256025499743,230.3518196477078,460.536285774774,230.29983067820004,230.47742249231214,461.1520773955152,3226.0982490758715
230.71819861422344,230.8059336689685,230.7124348234647,230.75995503698033,230.77214896489494,230.85598071936369,230.86715229898633,230.88489138833975,230.80212346592174,230.78384153331194,2307.962660514456
461.1123111375522,230.32127690730707,460.77623560064194,230.3855604753166,460.7322111458439,460.31179318291225,230.22235192357215,460.5328093148472,460.5379186755828,230.2233786633187,3685.155847026895
230.20360895116485,461.18614558064843,230.53318729864648,461.0314795048997,230.51130569868218,230.6259332501143,461.26090194952644,230.58427813060135,230.60498494564834,461.1159547721717,3227.657780082104
230.71336018330868,230.66794699302233,230.74964013885327,230.68097700484333,230.62231391420792,230.68034264969384,230.65713822202304,230.71156234812491,230.67873034605833,230.75696626648096,2306.9189780666165
461.53874298541734,230.56286211081337,461.09874042539155,230.61861544012783,461.2408236540156,461.27865684599016,230.65182670334153,230.58496477658548,461.2699905948176,230.60812826945218,3459.4533518059525
230.46874218349964,460.81784248772146,230.45069767660144,460.63006464556935,230.38743232619376,230.4456594373748,460.9447134014623,460.8147836774091,230.3735655332518,460.8092990157768,3456.1428003848605
230.39600104597184,230.69059848568705,230.58462145308224,230.61346419176533,230.61607941217505,230.59698174332345,230.5684071843093,230.61742667008022,230.6193287080391,230.63996255259167,2305.942871447025
461.3215701559556,230.40910582861474,460.92028334267985,230.51927656048838,230.38817052926893,460.64750751227604,230.2670367380103,230.36312699581626,230.30781326734106,230.14634596909565,2995.290236899547
230.22143049826352,460.7085943069843,230.35951590386318,460.70016030842925,460.91643175548876,230.45874348922712,461.00983769925796,460.78984006776585,460.9781176511264,461.3456727573209,3917.4883444377274
230.73824192660354,230.77754538770665,230.7789474408184,230.81659761427008,230.75281385544358,230.7791590729566,230.76513928269603,230.76006083558494,230.75352795370776,230.73845348409156,2307.6604868538793
230.80098572134753,230.57426940917222,461.11056855004574,230.5439844556239,230.6272806231544,461.2086491887935,230.55182556780917,230.57004435224388,230.57566899342103,230.58945448572973,2767.1527313473407
460.74544395988266,461.0618870352919,230.55953519473638,461.153080882507,461.04472951550326,230.55071669128182,460.9966952528535,461.1302130263875,461.02794277825734,460.90772635037797,4149.177970687079
230.56080258001597,230.47647263942787,230.49425729515855,230.4986643032893,230.55340969563755,230.4496952868445,230.5955819003285,230.56811672145898,230.53508794730982,230.52537385005877,2305.2574622195293
230.4874228075018,230.33632326756592,460.5898614981263,230.2999097110238,230.3155329309998,230.3690051467456,230.36360145426852,230.37522629688527,230.32767993417593,230.3799451051815,2533.844508152474
460.6532518270108,460.9243988083484,230.47478403140911,460.8405738847552,460.6845582251365,460.7517706734189,460.6877207241933,460.65915439138615,460.73721949203394,460.6083551281211,4377.021787185813
230.32641511052893,230.40609977086032,230.41989136559144,230.46000976664226,230.45291351648163,230.463650391725,230.3974512000714,230.37873243207986,230.5366190481916,230.5921748063276,2304.4339574084997
230.71745829470404,230.67886250124604,230.6868185224954,230.65634544250955,230.65515628345733,230.66562130395135,230.7500897433958,230.7074644461781,230.62852233381733,230.60609434426487,2306.75243321602
460.82237803982713,461.2077511154118,460.90635461956384,460.7680627605425,460.81610212515056,460.7391174200919,460.69631239917163,460.90572151578806,460.7973808742618,460.8322932786084,4608.491474148418
230.43004493307424,230.0358216615762,230.163790266055,230.293534570867,230.32599350573355,230.34881508453876,230.34691750607857,230.2733313965325,230.2951678376081,230.28326132737047,2302.7966780894344
230.18907998271237,230.52410685424934,230.5347975684024,230.43795742416984,230.4008261748375,230.3743300087755,230.3751208508633,230.417069623917,230.336033389165,230.33611244683834,2303.925434323931
460.7202969914682,460.72815182935034,460.7780811207902,460.732580178163,460.7160797393511,460.6272718016887,460.619262324056,460.3215285869241,460.40858666372725,230.08566673344708,4375.737505968967
230.04023744146775,230.28910906129147,230.19910793334233,230.1940543687016,230.22477399098707,230.26577258030702,230.11204393427963,230.34293796390008,230.43901246403945,461.01949708340067,2533.126546821717
230.57947172321474,230.45863796673729,230.4469783268806,230.4468728151646,230.43397473573125,230.46196197158721,230.55847905098037,230.52307743040907,230.34146214215122,230.36942690901884,2304.620343071875
461.2966245016741,461.2845754485589,461.3422897841419,230.7846881000985,461.6406578095189,461.4556464006744,461.60567573882116,461.4553290936087,461.6190646191647,230.8564042666444,4153.340955762906
230.63932842299508,230.86553738294984,230.86053393408008,461.6356827287251,230.79598507005676,228.0692124121234,228.14767874250458,228.25792255357513,228.3258238462478,456.5623288542616,2754.160033947519
228.2643407716742,227.75766391549575,227.8178431249628,227.85249603036726,227.86956852433366,230.71187961112133,230.56647958089857,230.4446307140402,230.39354900875196,230.4059415594671,2292.0843928411127
460.89200469438805,461.3909247935875,461.197608411793,230.58301048722066,461.08041859106436,460.86288553396435,461.0295263804928,461.29889698136594,461.36983074226157,230.70088166974668,4150.405988285885
230.76960955913353,230.81027322010945,230.85637779489383,461.619487995638,230.77069409017346,230.77008569345676,230.75635794214523,230.72499391175046,230.70405404522737,461.4285182228158,2769.210452475344
230.71362457319893,230.47995547161327,230.45660667764272,230.5480501509186,230.59661197182396,230.71841013495876,230.7413095481506,230.6905191844878,230.6663084344776,230.62994899661732,2306.2413451438897
461.0776730813956,230.83869602192368,461.59451011241083,230.6801840614516,461.57784205438975,461.4083724588649,230.64831225083705,461.30613735666856,461.3821485880546,230.69464291914275,3691.208518905139
230.87700112843,461.8740248415486,230.91237912249747,461.80473676133903,230.77421227322807,230.80072113119374,461.5358333060147,230.78183096208525,230.7218209603659,461.4093241876498,3231.491884674353
230.49964072909324,230.17605284775232,230.16118529357965,230.2581879255654,230.31023713330111,230.2758335530368,230.33829973065534,230.25044577254604,230.34159391118135,230.37641257128368,2302.987889467995
460.73790485314004,230.66464347141442,461.3025435653358,230.647757347074,461.3329340072839,461.4315323072861,230.7302030295126,461.73880525899887,461.70836132151777,230.84751010010785,3691.1421952616715
230.91645782173492,461.8760910897563,231.0624588477945,461.945241594361,230.92254965383398,500.3542290091186,461.7675056552167,230.87798076225081,230.89693963765782,461.77481370604244,3502.3942677777673
231.02772414044767,230.5979590022807,230.66498703325297,230.7885241836834,230.836658027583,230.82615101740987,230.8079711208288,230.7112979629611,230.67220206828233,230.6626878312116,2307.5961623879416
461.2055851881158,230.5809770050766,461.1250905150531,230.52043792411075,460.9850840763055,460.9439218902844,230.52891095373806,230.56534415835696,461.1392437101345,230.60384914383735,3458.1984445650132
230.49275314532966,460.56989426021096,230.2544221194379,460.4944137259988,230.26229621819257,230.26679970738363,460.53739193212124,460.3507899015167,230.15684380381978,460.2649637512058,3453.6505685652173
230.10007745565102,230.44866652747712,230.3696641509762,230.38342502061505,230.39056972193484,230.41097806211852,230.41395787678178,230.50560502305325,230.58005270686758,230.61985705748458,2304.22285360296
230.6607057972743,230.44689919308453,461.1351244070083,230.56589866564298,230.55388493823105,461.1238759156555,230.54601728534655,230.49349202349418,230.4899032310691,230.4997726791607,2766.5155741359667
461.322944359382,461.69216148881446,230.72367183806782,461.5890597895542,461.6360002838698,230.8514012136387,461.64166342398397,461.7619982914999,461.3536017951228,461.35444757524147,4153.9269500591745
230.55979923218726,230.5275383334522,230.6059358580947,230.5131268072653,230.4598251003192,230.4043067211263,230.39333808325702,230.38703686220657,230.5429812541668,230.47958607533087,2304.8734743274063
230.43022955167496,230.42350435068641,460.8565030212673,230.47478403140911,230.53643425907498,460.9971702679842,230.55863747192691,230.5173233844221,230.49180316607882,230.53577430036253,2765.8221638048867
461.51848179787333,461.66902840448836,230.86810537478945,461.7338810108641,461.6737395311592,230.81453354795218,461.60445860639317,461.6489674920982,461.64436272657974,461.61345495420875,4154.789013446406
230.5308907233248,230.52054350320213,230.27549114946166,230.2961425400883,230.28418324768305,230.34156755736328,230.3683197863453,230.36663276273345,230.34704928135034,230.32910287738352,2303.6599234289356
230.3751735738622,230.32678401599102,460.4946243839153,230.20039768069145,230.1601854208151,230.1910012809186,230.18715871657824,230.19663376459678,230.13029849889818,230.09944629133372,2532.361703627601
460.37600182296705,460.03458600984936,230.27678175286684,460.4229065016712,460.5640993438,460.60861858087225,460.6651098105276,460.62927421461984,460.761524697206,460.77839749715713,4375.117300231537
230.32554555232963,230.2015558334837,230.26943340842504,230.3325812570196,230.21808710265182,230.15944867802122,230.11522643810736,230.03695187481063,230.05056787446497,230.14189980650286,2301.851297825817
230.15750159477054,230.3520041409829,230.33416237340302,230.34636405158344,230.4388805835274,230.519434927566,230.51170158940468,230.58845088851302,230.63732036894348,230.47953330453007,2304.3653538232247
460.9912062601344,461.51007101800417,461.4393056542227,461.3275427149951,461.2334796614998,461.09451624221646,461.1783279396951,461.09367141486905,461.0633652813615,461.3093083955224,4612.240794582521
230.76963601098882,230.4081829078021,230.3944454464141,230.47040431967895,230.5646312243369,230.56901451808852,230.53012520838578,230.49718648537532,230.5425060565239,230.67711806496055,2305.423250242555
230.51658435346062,230.7257871632327,230.62384617393684,230.57675170232613,230.35292661179125,230.2281439086912,228.41643904622353,228.33234946770884,228.21737707560547,228.07200277864442,2296.0622082816208
456.2529088513271,456.56828235642024,456.77758187615274,456.84054910290797,457.1667534479967,457.5165563666394,461.0910313493617,461.4815612841292,461.5174238212859,230.72245554366123,4355.935103999883
230.65087541239294,230.7639225510476,230.55808299956644,230.5267728407773,230.5508222981106,230.43584737341266,230.5077955270907,230.51075145395518,230.56967466712965,461.1195456568299,2536.1940907803128
230.6987668012289,230.5600632702429,230.82840054868677,230.83856368353634,230.78545530661353,230.80876494297954,230.791249203285,230.82617748222884,230.78717492595266,230.79273079434486,2307.7173469590994
461.44358903894204,461.6297551128832,461.39240515032003,230.60189453435737,461.05470711778565,461.132800730019,461.187360508105,461.213298095152,461.22624156677995,230.5478653434761,4151.42991719782
230.38208049537164,230.4218692631045,230.3194588287703,460.7082780264656,230.22069336332706,230.24188787591774,230.26269125405565,230.1697635063681,230.16813201788602,460.20588807433273,2763.1007427055993
230.32609890678768,230.01637322030774,230.18681657665832,230.2573452169926,230.5203059503825,230.5245027889437,230.45737170439693,230.50452298220404,230.50782191895945,230.69131219893347,2303.9924714645667
461.5389016962581,462.0116031520956,462.0594779968362,231.06821362068774,462.2093166610993,462.19918291314843,462.30016884471684,462.4090049666228,462.3932338274178,231.22757816567375,4159.4166818445565
231.21411457839258,231.38367897427705,231.10659494316482,462.10789310535654,231.0122957351675,230.86924378120065,230.8237162800259,230.74665163554042,230.67117132135812,461.2134037532039,2771.1487641076874
230.44183474317714,230.26769515897809,230.4040694078116,230.28260281738085,230.21442790694803,230.33492658743643,230.36130825652108,230.3696377907346,230.38793324919314,230.34288525565483,2303.4073211738364
460.5877013704049,230.24454733873947,460.48998995427274,230.35972676743413,460.6872463465668,460.7767101615538,230.39776759975547,460.64092017172567,460.72983880933657,230.38650957900225,3685.300958098792
230.3973721002862,460.60645827720936,230.3022543761372,460.59634200286274,230.37762521996268,230.26943340842504,460.22387745808925,230.05955847197552,230.09836806030182,460.27243477448775,3223.203724149738
230.14981883097047,230.26050540594667,230.36953234982846,230.33737737699258,230.2196929734635,230.2290653877395,230.27348942586093,230.42057703288398,230.40021972677204,230.3673444728065,2303.0276229832643
460.6959434249489,230.286527592586,460.3531583361106,230.1672899683639,460.57827080621433,460.61251771682595,230.3441239057954,460.6231089463134,460.6486142039731,230.36215172624645,3684.6717066273777
230.3269684691652,460.540289036071,230.28226039367462,460.69868439043006,230.34997473121092,230.28481542587798,460.5606224639484,230.23546328852663,230.18907998271237,460.2476550587407,3223.715813240358
230.32114516152097,230.51093620190136,230.48911160072606,230.40617887663842,230.32009120065803,230.4361375031004,230.50027409079482,230.56397110417538,230.61116601673376,230.65468062326968,2304.8136923795187
461.05819146158814,230.32240992728927,460.7968008034612,230.41395787678178,460.93685117770065,461.05095886734307,230.5234997570262,230.56220200078195,461.0908729463926,230.51085702417387,3457.2666018425384
230.56795828748542,461.00946822265627,230.55253842263804,461.08548731020096,230.63518024456474,230.6030567305951,461.1931182948417,461.12762535179814,230.56283570633954,461.05285938107767,3458.390127952198
