423580.9121944676,431010.7721723783,441220.7094348476,449996.06876826426,459806.6316901094,470192.5078527995,481167.55666044075,492882.5761074615,504786.1152197051,517415.86289170064,4672059.7129921755
230.32601985598802,230.66189501354916,230.58058087636536,230.5209130307836,230.51370745663152,230.4761824081637,230.4845466385069,230.5146048295877,230.58615321199133,230.6662027218225,2305.3308060433897
230.7383741499881,230.5533832933287,461.1160603856281,230.5594031762377,230.5417668640842,461.06653298343014,230.50111857847796,230.46987665480242,230.30515234280804,230.37040224019069,2766.2220706689764
460.71444557491077,461.25667479467853,230.65779887578054,461.32283865113544,461.3346782758857,230.71343950021213,461.6317133262787,461.8203088763765,462.18798855633196,461.93087990110064,4153.570766332691
230.92040423282097,230.58493836704892,230.68224572560894,230.77460906752205,230.84049583905627,230.84274564994,230.8243249595566,230.81895281195625,230.7366552578087,230.82146684004843,2307.846838751367
230.89958777309045,230.67238707511558,461.3280184121872,230.6322739664073,230.58942807516473,230.55293445500328,230.50750521693354,230.45555147666096,230.43125814643741,230.50980132633828,2536.5787459233384
460.9745289688116,461.2290945112969,230.639354844992,461.31115818832,461.3257985003507,461.3787122129927,461.34630707031545,461.3552933584612,461.4588723806127,461.3135893671295,4382.332709403282
230.70846907963718,230.49768788575787,230.49370313241127,230.50185751027675,230.50447019998344,230.51373384985405,230.572843435148,230.54799734876192,230.5301780023563,230.57149669809797,2305.442437142285
230.4351879904757,230.79270433719483,230.8064893340903,230.78286269820717,230.76786375009112,230.73559749073513,230.73446040194753,230.75939959589772,230.85050121653498,230.82144037630962,2307.4865071914837
461.8070142500143,462.2994788279076,461.95520521249773,461.98971021145803,462.03360420195384,462.0626594011766,461.93925303068875,461.9656992750414,461.8642236595806,461.91662508130656,4619.833473151626
231.03183342750873,231.00116311450327,231.1186928744142,231.1598246999711,231.1979444130237,231.16582320848622,231.179307718038,231.24534612729565,231.2722024440853,231.15244643063605,2311.5245844579626
231.21313209001582,231.0342460447927,231.0791670449567,231.04363187044535,231.0266106813834,231.0847635051376,231.08868914607422,231.07704523519055,231.0333976461575,231.06317486383077,2310.7438581279844
462.07162059222276,462.1591828231717,462.0186538628137,461.92976703964155,461.92987302621617,461.78249270431866,461.69052039270844,461.6499731427664,461.618482477782,230.8150363299364,4387.6656023915775
230.56206997922925,230.54736372476853,230.30662769931075,230.34839339773464,230.26516684299315,230.28713344228873,230.33561174915704,230.20771529639703,230.19958171640346,460.40542799585893,2533.4650918441416
230.26785318057065,230.5567364349368,230.62825813893946,230.6059094437542,230.51185994607445,230.5058953284241,230.49016710905852,230.5586902789575,230.58298407813177,230.56391829472577,2305.272272233573
460.96228564965287,460.27164557043056,460.5158491569476,230.23075039707558,460.7049043946198,460.74591845737103,460.7913165698858,460.8024433723308,460.8444769488022,230.41875738633203,4146.288347903448
230.61396609815367,230.81233721023148,230.55306646609404,461.1003773171785,230.55496744256357,230.53815016941113,230.419864993854,230.3635487365662,230.2801268535216,460.56157069870176,2765.7979759862765
230.10412750908094,229.8761264925845,230.06639389934912,230.06597324593582,230.07041647529996,230.022785586183,230.10212876359586,230.13442853555188,230.2279069581282,230.21190076055944,2300.8821882262687
460.84400224829204,460.56557439959664,460.92745907405197,230.53947011782068,461.1004829234994,461.24209170517673,230.61349060783658,461.1986120969498,460.8179479646634,230.48560210502984,3918.3347332429166
230.45333558605196,230.5138658160573,230.41211196480893,460.8522832752403,230.44610785811292,230.46164539556557,460.9810203026961,230.4218692631045,230.52846221069237,461.0316378670634,2996.102339539393
230.40757642100812,230.4683464403239,230.40185450711445,230.42632624996637,230.4341593606291,230.4576091275258,230.47151242378445,230.54963422686524,230.64622476959906,230.62162704576633,2304.8848705725827
461.3751701568881,230.805510306862,461.3918764503965,230.66202714944777,461.31707762496393,461.30962550180556,230.59954376414282,461.2572560238759,461.0200777150164,230.50275479097317,3690.2409194843717
230.60963392549303,461.08326973186615,230.7535808500513,461.46119934496295,230.73028235799728,230.69768294614167,461.33372685501325,230.66424705518014,230.76281163335682,461.47574340386586,3229.5721781039283
230.70950015991684,230.83234395048618,230.79381554271856,230.77646079226912,230.77431808490638,230.70006215359456,230.7796617008404,230.7975725549264,230.79355096900426,230.79968923539045,2307.756975144053
461.12751973304404,230.56816953283186,461.0135324978481,230.51059309880844,460.9918395987771,460.9964313559817,230.5058161541595,230.5148423706574,461.0857513090426,230.49428368392725,3457.8087793350783
230.5815844050773,461.0563436969522,230.60202660152171,461.18508912719363,230.5256114133235,230.6468853608408,461.33087261594136,461.26856386517204,230.598751380489,461.3852149351728,3459.180943401684
230.67875677708375,230.7704295694677,230.6576403185336,230.6300282561793,230.63407056607858,230.58258794252438,230.56299413327324,230.59534419282875,230.61206414864986,230.5435356538928,2306.267451558512
461.1701936487179,230.600019196949,461.27157586033087,230.57651403364667,461.2797137281669,461.21345658224806,230.5676942313467,230.53632866542708,230.53363606008793,230.59647991086155,3228.3456119177827
230.51442007576088,460.8770226377936,230.335321872547,460.77159550100976,230.350475491338,230.34032893471544,460.7008455592863,460.68714092944913,460.6250586287038,460.64951010114646,3685.8517197317497
230.3258354043332,230.197028575192,230.2291970282057,230.26959143240336,230.2754648107673,230.25197309484224,230.25705553734534,230.2976177811576,230.24059766361248,230.16155366994596,2302.505914997805
230.13861133522434,230.27517508552683,460.6566247024175,230.36810890704257,230.40520324250485,460.9683544550153,230.4914865080687,230.37411911846908,230.44336460562133,230.50183111977378,2764.622879079664
461.53974815591886,461.32278579703035,230.69046631705197,461.3949957974599,461.34250121851204,230.66781485034122,461.2982627987345,461.25065123288636,461.3454084607547,461.1725177025738,4152.025152331264
230.32591445500623,230.29740703127626,230.29113739873333,230.28958321489608,230.29366628506796,230.2854739485219,230.2491817970033,230.32857585933073,230.2906105544043,230.38911965445968,2303.0406701987
230.57424300208555,230.66881913851478,461.4907644124609,230.71174741810012,230.7225348668186,461.47108920527205,230.71505228907745,230.71521092526584,230.70513796018048,230.68491537113078,2768.4595145889066
461.0541791915007,460.87322452469425,230.4546809431254,460.8607228445704,460.81146122256155,230.27043423061747,460.7488181854799,460.9046135883656,460.88092631926907,460.8646262499273,4147.723687300111
230.39054335690872,230.43953998759704,230.31711381333486,230.35685378448173,230.40011425786915,230.48507437056006,230.4501437232894,230.41118901991356,230.42345160556349,230.41828270065375,2304.0923066201717
230.69842313875714,230.5711006019596,461.46802171661767,230.75162370149152,230.59552907639733,230.6684227079279,230.7076230719321,230.73506861083516,230.74577890138943,230.7800056053908,2537.721597132698
461.2893315785422,461.49282723296176,230.79910714439248,461.48981234768036,461.74378256277066,461.70703776312877,461.7526784367849,461.71662049728087,461.73372216589877,461.8301611650071,4385.555080894448
230.89431804341248,231.13331289801513,231.04609776469186,230.89394731771765,230.94525118029784,231.08866262102575,231.08908702253206,231.10407470023574,231.1017402084577,231.08882177140794,2310.385313527794
231.21411457839258,231.18355513344005,231.1420433403547,231.19741341146843,231.11415600176878,230.98648029869847,231.0530184587322,231.041404656367,231.00206428673792,230.91632539417188,2310.8505755601323
461.53763201258846,461.6604004105552,461.5730270617329,461.7145027317367,461.63393618323875,461.64441565439716,461.5172122265505,461.58360959540653,461.5949863603285,230.8634194945229,4385.323141731057
230.76897471642548,230.59790617726043,230.7557231723449,230.7500368486528,230.7834711622958,230.82604515819472,230.85497480080065,230.83379960264682,230.76995343372545,461.4810852702339,2538.421970342581
230.76931858912542,230.5765404412535,230.57759675048786,230.64239341501556,230.68607840434444,230.61848335396178,230.57007075836884,230.51647877799581,230.64601338120085,230.6933740620081,2306.296347933762
461.53831975704236,462.18549510045926,461.8555353920315,461.67093401717955,461.7281097139418,461.817819386102,461.799546289691,461.8066434945131,461.78529957432136,230.8973633352452,4387.0850660605265
230.86654339356514,230.64257837403682,230.80527216635963,230.8828525782355,230.8511100373372,230.86291650173175,230.8537835927869,230.9268671033701,230.90732067620644,461.79515036924397,2539.3943947928733
230.8082092669007,230.78294206290636,230.76548314396558,230.78736011725613,230.6512717826679,230.59721945419935,230.5744542589482,230.5698066973915,230.58570424606486,230.56428796138118,2306.6867389916815
461.2662916843275,461.5225550530217,461.4936206303725,230.73506861083516,461.7859880570805,461.88774719517113,462.0372093930567,462.0154200514828,461.8581842194521,230.96424760226992,4155.56633249707
231.2138755939649,231.3645071437716,231.22335568848027,462.3722604100399,231.1670441819794,231.03923051261327,231.09091727188496,231.08977667830456,231.13119009378346,462.1270392277507,2773.819196802573
230.88264075587392,230.6043510083742,230.69955987237915,230.7974402636865,230.8912728319071,230.88608291740908,230.72515256161054,230.58879422341985,230.5092998732538,230.35321653271407,2306.9378108406286
460.4869354948277,230.43191750688428,460.4630805073848,230.1027073442443,459.85022922664575,459.97225908850703,230.1279573337625,460.52511915056806,460.7187155128766,230.52875257364008,3683.207673739341
230.7394583874577,461.55768324978976,230.97980209033778,461.8416030600019,230.95412638600058,230.87117645035147,461.66309993227316,230.85092474370964,230.84938946509527,461.72165026831016,3232.028914033327
230.76915987852118,230.72613090723559,230.622419586639,230.6642734828867,230.70561382849917,230.75516775163433,230.6852325608442,230.60936977388835,230.58847729885417,230.55707967540752,2306.6829247444102
460.891055098509,230.56283570633954,461.1823423708628,230.619038116876,461.21778860504975,461.2830429386791,230.62492933533923,461.42545130008875,461.5050458555765,230.76794310447454,3690.0794724317952
230.7545065399889,461.6487557767263,230.87006449976388,461.85908482769634,230.9273173988149,230.8611163349647,461.701478900759,230.88531504171098,230.83337613830653,461.7626337498396,3232.103649208571
231.0140717524664,231.12137263140494,231.1375055509301,231.09619597950322,231.12819169924288,231.21217616339317,231.25777735608833,231.0882116961333,231.1538795827839,231.18753722712881,2311.3969196390753
462.1434287201764,230.9321118297903,462.0256517734519,230.99647183144648,461.98912713486857,461.97667085021965,230.99623329672073,231.07057395605878,462.2155244643984,231.0456204907298,3465.3914143478614
231.1882274706514,461.6024477060093,230.81384553404965,461.7698886898523,230.9279531130207,230.9241388802863,461.73711088219704,461.60329439877233,230.70347243652452,461.5804876975128,3462.850866808876
230.77363031073182,230.79130211692384,230.79503258961728,230.76667344088872,230.74157400210288,230.77439744372882,230.80461066754253,230.9460724393494,230.94077409657075,230.8908491566716,2308.224916264128
230.86463727562045,230.92917157503175,461.27580328830396,230.64992412929124,230.65177385363853,461.0877049098667,230.54757493237935,230.47417719394628,230.4317592600329,230.43553086913198,2767.348057287243
460.973315162439,460.89026377159894,230.56090819608488,461.16697170371015,461.1274669236851,230.60498494564834,461.26026787136,461.23902726013927,461.25075690805323,461.0835337281684,4150.157496470887
230.47275245767926,230.4670009236923,230.4619883529616,230.45663305779107,230.37398731222365,230.3686624660357,230.30415121880353,230.29198035467374,230.3228315189655,230.35912053570814,2303.8791081985346
230.2877656366816,230.0303547403931,460.3828447833199,230.21650757944622,230.2421511863281,460.60819705661504,230.377256151622,230.40185450711445,230.45850606376092,230.484150841053,2763.4895885463347
461.3232614844123,461.87095199378933,230.79011156591787,461.42301894208737,461.52287245254627,230.73300600239162,461.3870124679501,461.3359468431534,461.23559301667456,461.1263051208493,4152.748079889772
230.35946318803076,230.0433653881312,230.11401655024756,230.12758906493096,230.10062972726905,230.10780949955705,230.17771076485735,230.190580171718,230.22437908521397,230.24365206716737,2301.6891955071233
230.29377165653722,230.53112829796032,461.22587174322297,230.5990947460704,230.66215928549775,230.6973128516151,230.6869506869507,230.64596053416184,230.67542651557685,230.74855580569434,2536.7662321232874
461.5388487926324,461.5569425398533,230.7768046872797,461.6506082928143,461.61530718699487,461.57969400139143,461.57403238157247,461.81077480373915,461.68962044173253,461.5785299186842,4385.371163046695
230.76796955594781,230.73612637305962,230.7448532814736,230.7359677081077,230.73099631681404,230.72168875595207,230.6850475334054,230.56830156136996,230.5476805363299,230.63557656089762,2306.874208183358
230.77011214542122,230.7470483350642,230.65832740151143,230.6528308523003,230.64630404034827,230.6198306399548,230.5967176207028,230.56935779511815,230.51579253983172,230.4324977471989,2306.2088191174516
461.0620454183459,461.6741630079293,461.5603815703773,461.47833498695576,461.48346534953043,461.4683919286017,461.3789765477186,461.5250413609821,461.7145556756385,461.7038083125063,4615.049164158586
230.6972071105399,230.56919935943898,230.54255885616524,230.60503777391185,230.63697688951567,230.6934533651701,230.67952327945602,230.69199948252984,230.71172097951407,230.70585176339466,2306.533528859636
230.63808659596916,230.46088034043723,230.60897354761596,230.6074414855068,230.56983310346203,230.54065808431247,230.56505370322398,230.57675170232613,230.5512183245801,230.54071088310735,2305.6596077705417
461.07894023564137,461.13829309518866,460.72804639351136,460.76943366832165,460.81589117300496,460.74043543488733,460.8233273527297,460.72820454728793,460.710491999216,230.36083380751495,4377.893897707304
230.32264707241723,230.41567196438265,230.5841724931206,230.52767031546173,230.4824885065906,230.54973983270233,230.55905992884877,230.57141747876142,230.59415566268106,461.0560269387874,2535.663050193754
230.55676283801364,230.46628859771832,230.43104715189133,230.47301629639975,230.46668433382692,230.45080319181997,230.46169815817544,230.429491079047,230.393258986296,230.42569329458237,2304.5547439277707
460.75825573511617,461.1416202646461,460.8057656971416,230.36038571858143,460.81742058043653,460.8088771241359,460.81647129187013,460.91337163621176,461.0502197828999,230.50125053023743,4147.973638361277
230.70881277203972,230.60878864248812,230.4295438269349,460.75235063085324,230.2883188096227,230.19205406066092,230.1181460025082,230.09308224461185,229.8964437902073,459.90170185698764,2762.9892426369142
229.89135100366352,230.04407510215498,230.36481396808136,230.40823564593506,230.44871928414432,230.52223278181714,230.56603069158038,230.5757218082537,230.69860818765318,230.62347631627603,2304.14326478956
461.0291040854996,460.98028144246473,461.1035983317263,230.51832636259212,461.08422011996913,461.1178030146433,230.59529136900647,461.0967867310529,461.3143292962013,230.89026660576158,3919.730007358918
230.97217032504034,230.8781925760619,230.87604797917825,461.90226516731536,230.84751010010785,230.83874895732112,461.65584834739633,230.90737364308225,230.75360729823217,730.3638976037788,3269.995661997514
230.57757034263906,230.4986379135175,230.52149371937665,230.4437866402151,230.5693313891565,230.5147631902464,230.48541739769053,230.50858728578157,230.62276302270882,230.5937594886878,2305.33611039002
461.1414618269166,230.6535443318736,460.92329079113114,230.5461228878701,461.0491639520916,461.17515870129796,230.5839612184495,461.07207656678816,461.0582970485861,230.53638146223895,3688.7394587872436
230.76931858912542,461.69877893019054,230.80360519660255,461.5614397439257,230.79796942955608,230.80513986629285,461.65500146182904,230.8473777516142,230.75048645474124,461.573238707651,3231.2623561315286
230.76934504091403,230.53815016941113,230.7759052717248,230.817973678991,230.8200378068366,230.82204904383732,230.86476964390516,230.8372667753702,230.99782353753116,230.97370723721835,2308.2170282057396
461.53964234829147,230.99888371023556,461.8939993486618,230.89172298854845,461.8163892655291,461.8029889364279,230.9179145349534,230.90644672626394,461.69025570088075,230.73834770529905,3463.1965912650912
230.7683398772103,461.82454636835473,230.85703959047953,461.55212798321486,230.78950306681372,230.85497480080065,461.56688941453746,461.69782600694106,230.85913088947,461.91577723870506,3462.6861552365276
231.05826891698942,231.03239018087115,231.05620052616013,231.0760108670576,231.04925312549528,231.06036386339744,231.0500751243925,231.08916659798803,231.10229729880197,231.096885677708,2310.6709121788617
461.85405206194724,230.9738927280024,461.8468474513516,230.97116339366892,461.97417967389345,461.7970570232567,230.9788215922561,230.91608702494116,230.84960122644867,230.843751461932,3233.005453637698
230.88070789477908,461.286266505761,230.6883516394871,461.396476180316,230.60931694364,230.63518024456474,461.31813468320763,461.4233890818681,461.52477685886186,461.56249792232603,3691.3250979548116
230.79786359618805,230.7628645339567,230.87218251011265,230.8818199478939,230.88719502230296,230.89577447731034,230.85905147236053,230.78138123384213,230.7578655344176,230.7090771515077,2308.205075479893
230.62720136548094,230.81964085630688,461.5806464370646,230.79304828061828,230.78976763124734,461.68829699078844,230.8643195923564,230.896489460675,230.87896040438505,230.88203176874939,2769.8204027876727
462.10624905246874,461.7338810108641,230.82739487046138,461.4184715589587,461.5083254228616,230.68303868317435,461.3857964883622,461.39552450453226,461.40879544895125,461.5091717703726,4153.976648811007
230.67751452543598,230.7413095481506,230.72026095793677,230.84009881815848,230.86736409292922,230.8590779447243,230.7773866657863,230.75223200086648,230.7751910349548,230.71785489385573,2307.728290482799
230.68134704695836,230.91227318417737,461.6506082928143,230.84528666555522,230.88121096509934,461.81066887181,231.0059076002035,231.07993621061973,231.05646570240208,231.10327884546732,2771.026983385107
462.2183896606243,462.23101817099393,231.03724200232452,462.08148360665143,462.00942966812573,231.01457540413318,461.8814952109353,461.7254094318982,461.61382539957685,461.54995882018835,4157.362827375452
230.76976827035628,230.71343950021213,230.94289340450896,230.9151600381665,230.91611351038694,230.77971460916606,230.8407075840935,230.83864308655055,230.92252316691176,230.95772964926593,2308.5966928196185
230.95595449816506,230.5635486292557,230.58470068149222,230.58179567539287,230.5620171706505,230.60649056064338,230.6005210448157,230.62022690353683,230.63058307463848,230.617109666804,2306.3229479053944
461.2382347378775,461.49880422725664,461.53535718015075,461.5572070788434,461.6365824694364,461.55017044495196,461.46468983549113,461.70730247419954,461.7321337222563,461.7618923819466,4615.68237455241
230.90162687876685,231.30374200711583,231.19759926173532,231.10333190228135,231.03366277006168,231.1169417796547,231.04132511380124,230.9986451705286,231.02085798052704,231.02215695245255,2310.739889816925
231.02897016688806,230.8640548569709,230.84263977550336,230.8634194945229,230.87618036054818,230.8490188836616,230.9510795967046,230.90220948700374,230.85770138985959,230.80977045887587,2308.845044470539
461.59535677605504,461.0188108842858,461.15952442935037,461.11679968117744,461.03570253316303,460.9350571508017,460.78171947524055,460.63686246371793,460.51300502917627,230.2320404990195,4379.024878921988
230.15579134611923,230.48008739914394,230.4946795161831,230.50671346567609,230.46230492992547,230.4608539593165,230.3401971671326,230.44383939464802,230.51331155901906,461.13390975475176,2534.9916884919157
230.5531720750755,230.51085702417387,230.36281069126719,230.3096575085388,230.3384578491678,230.40979143171901,230.52175766970424,230.40884213619952,230.36233623607225,230.336033389165,2304.1137160110834
460.6992115029156,460.92492643746715,460.9393839453329,230.44288981855107,460.967140681159,460.97706215052773,460.93970054324404,461.0463660238366,461.15720050645,230.57091575756075,4148.664797367045
230.67669517528884,230.6272277846994,230.73464550866086,461.4860041278402,230.70825757712925,230.69630831531435,230.6922109552295,230.71312223292554,230.7198907909656,461.2951447594926,2768.3495072275455
230.53073234050652,230.15392325740592,230.05472133803087,230.2276700080529,230.26611495498108,230.28152286915068,230.33345086834424,230.29595813628356,230.23472606372576,230.26608861843155,2302.644908454913
460.9074625553565,461.64145171531146,461.7970040604326,230.69329475890063,461.36829766584896,461.39510153877745,461.28018932672643,461.25207785172444,461.0433041790013,230.5597464246487,4151.937930076729
230.4363221314639,230.5493438113121,230.55750212662062,461.30175082478587,230.69218452112085,230.66839627927055,230.62128361307984,230.6652248843561,230.61111318566245,461.1448418554265,2767.2479632330987
230.51027638916764,230.02898805069842,229.94399610209032,230.06915447554533,230.0666305175701,230.07010097406334,230.13711182351855,229.9813480404476,230.11267516770974,230.11772515982668,2301.038006700637
460.27753835939706,230.32493950049772,460.95996371421467,230.3557994967854,460.6826607465437,460.6014000844896,230.32522935097592,460.8948535055032,461.02361432098735,230.60667546208597,3686.052674541481
230.77283673023985,461.8074909365334,230.77392129161305,461.59837304052957,230.7696624628502,230.77857708551056,461.5824454929493,230.87888097363202,230.89095507533472,461.73202782640203,3231.5851709155945
230.77016504936833,230.5153438478566,230.50138248214796,230.57772878982266,230.5803960167659,230.60627924507207,230.5519839796124,230.4758130239756,230.40778737257432,230.36423406857838,2305.3511138757744
460.65182891001245,230.52466116320227,461.2735310361371,230.57854743707372,461.1879415626296,460.9931590598722,230.5932048473842,461.30534460376686,461.42026935087796,230.72573427963084,3689.254222250587
230.76892181302415,461.4397815819312,230.69046631705197,461.3807740318872,230.67809600326504,230.6589880620811,461.3643857239302,230.68110916260525,230.68277436338016,461.38161991163634,3229.7269169707924
230.7695566554411,231.00646422861777,230.94435045128,230.875809693095,230.76016663428658,230.87128235096606,230.8073360670397,230.73554460263603,230.72213825157723,230.74747148272633,2308.240120417666
461.53609782080804,230.68139991021457,461.602500624216,230.78566695068776,461.7859880570805,461.8536282551018,230.80328768128362,230.80140906685548,461.62393349549563,230.75519420017898,3462.2291060619223
230.77048247356032,461.12767816119333,230.56220200078195,461.3679276144482,230.72351319024406,230.66342779928036,461.5081667330489,461.41477026676586,230.71383608554743,461.60133642647156,3460.453340751342
230.76934504091403,230.95741170974932,230.87917221999362,230.81897927512463,230.7900586528249,230.85735725370841,230.8995348097865,231.0500751243925,231.03252274159104,231.0285724974149,2309.0830293255003
461.90714001956366,230.7639490015992,461.7103731448024,230.9057316812316,230.95669634903743,461.932734682115,230.96504249975564,230.83443480207043,230.89693963765782,230.8856327827597,3001.758674600593
231.02944737206298,462.2004031838715,230.95802109459183,461.9576961841896,461.89087325075917,230.92077504347975,461.7962625821713,461.697031907238,461.6401814673541,461.7312336090435,3925.821925694762
230.76855148989395,230.45615821604477,230.5472317202083,230.53015160536802,230.52906933405364,230.52072826684477,230.47781826665795,230.56713971542405,230.51341713158277,230.4119537451589,2305.322219491237
230.3266522639046,230.5488421861709,461.0646851519337,230.52965006373938,230.54892138999546,461.02562018132426,230.5086136778316,230.51573975244986,230.42777678583693,230.4329988661859,2765.9295003193724
460.9169066052253,461.14790504906296,230.44436694030563,460.66553143895834,460.5457146196974,230.187027124181,460.37931800142644,460.45149619537307,460.6841365618762,460.72446160369975,4146.146864139806
230.29100568742507,229.8061721688634,230.0066502328267,230.14995038082898,230.2026350318016,230.28708075957934,230.29756509365112,230.13445484199292,230.06610469996224,230.0412888426201,2301.2829077395513
230.22961827870915,230.17526337181084,460.29363906999583,230.14642489661068,230.12380122535882,230.1316400869058,230.1713950179791,230.2107951514611,230.12393274547654,230.1042590067118,2531.71076885102
459.9309623555224,460.3869506571767,230.20474081375147,460.39447828279305,460.2284539292272,460.26096527500505,460.2261393807244,460.4343840736817,460.79748634183704,460.9551616037747,4373.819722713494
230.55964080964415,230.48515353057647,230.4672119840858,230.37849517144454,230.45417972983074,230.43550449381448,230.46620945065968,230.4232142528092,230.41939030361212,230.40000878906284,2304.4890085155403
230.4543907667417,230.8228429628281,230.85325417094896,230.9275028150967,230.9738397306051,231.01802150077162,231.0222099720251,230.98587076366715,230.97224981999622,230.90292451022188,2308.9331070129024
461.3108939312978,461.3825715300615,461.0733436902729,460.9119471117882,460.7521924604991,460.7809285237332,460.82279995618984,460.8254896911641,460.7315785203865,460.91083915443534,4609.502584569828
230.5664003650095,230.14442541624862,230.2420458620917,230.3128718280823,230.36317971332554,230.29071592307727,230.24201953104765,230.19879207905169,230.2522100949456,230.22845984353393,2302.8411206564138
230.1995290737448,230.74593757983493,230.50515637073661,230.48882133762942,230.49135456748795,230.51703305026496,230.5350087529898,230.57152310455558,230.53239537095297,230.54913260046027,2305.135891808657
461.53937782943524,461.5926580465173,462.17737829214843,462.2098472360609,462.1833730315466,462.22496913454466,462.1586523645199,462.2709245540553,462.27548875502094,231.11837449157517,4389.751043735425
230.94927805476686,230.79545591328647,230.81127874914748,230.84578958152716,230.89942888325155,230.90064704427144,230.85542481591625,230.86217525319242,230.92464213988973,461.91079622627655,2539.754916661526
230.99236380220808,230.75900285390438,230.68536472348225,230.6802897869222,230.61647566286607,230.63573508781215,230.63541803420102,230.67249279343926,230.6291299843335,230.57593306782618,2306.882205796995
461.27310829401785,461.10444319545087,461.1504929512619,230.5311019007544,461.146954398407,461.0200777150164,461.191692040695,461.1569364257843,461.16628506551166,230.55758133639543,4150.298673323295
230.49916571010127,230.72398913436987,230.7399079523237,461.5341933210633,230.6858140775843,230.67627228716765,230.70400117158775,230.73297955893304,230.77548201977186,461.6948084426016,2768.7666136755047
230.86471669657305,230.76244132983678,230.64249910584851,230.66007155360833,230.6233442245418,230.67426358976616,230.60012484894995,230.5081650138029,230.42666910225128,230.35740728938555,2306.1197027545645
460.65414774222336,460.76231558209963,460.4877781002825,230.22077234184448,460.693149782155,460.7790302511944,230.43328898870087,460.69083055727305,460.4635544234685,230.27420056052296,3915.4590683297642
230.51159601841238,230.46942814155707,230.69940125771288,461.4347579500747,230.70082879756114,230.63163987908845,461.2034721079197,230.65993941995026,230.67180562606748,461.3707294469645,2998.3535986453085
230.48810887676444,230.53888933865835,230.45763550790366,230.50639676669604,230.50829697363002,230.56542337352025,230.583168941881,230.62585399336692,230.60493211740902,230.578388988765,2305.4570948785945
460.93426567278584,230.56288851529325,461.1878887394305,230.54818215641606,461.1265163572931,461.1381874715477,230.57170794992822,460.915534819767,461.1493838467629,230.5476013333579,3688.682156862582
230.62759765439299,461.1316389003062,230.62664656329207,461.16031668114715,230.56492167840545,230.5314450649027,461.082583342895,230.64199707525464,230.69794730010193,461.56175719693636,3228.6268514576345
230.78632834092164,230.62276302270882,230.65581692586144,230.7022563550764,230.71444418570965,230.7470747817476,230.76960955913353,230.8435132425102,230.8142424646467,230.70849551747796,2307.364544395794
461.50462268899935,230.82808296514256,461.65357234947993,230.81964085630688,461.7023788979659,461.65055536357687,230.8283211527188,230.80842095271046,461.4233890818681,230.85767491781152,3462.0766592265804
230.79836630555067,461.84308631012254,230.86821127258665,461.71402623716654,230.85306887387938,230.92111936872922,461.8402257648491,461.9001456984319,230.97505867689537,461.71354974357985,3463.4268582517916
230.8219167245365,230.64115155498394,230.6447450589487,230.68208713475005,230.65840668057996,230.60675470565212,230.58507041479214,230.54620208982624,230.56993872780455,230.61615866220433,2306.372431754078
461.37432430078826,230.91651079280268,461.58773691506843,230.7484500176391,461.4871148521345,461.4688679163112,230.72282571886223,230.61724175139653,461.4348108298404,230.64630404034827,3461.0041871351914
230.76905407157298,460.97885650442146,230.54142366920564,461.126463548164,230.5821389904814,230.45191110744818,460.8591404017758,455.5113599211547,227.79446352664112,455.79082847209344,3444.4056402129586
227.70418652311776,227.8547137626441,227.81614169129728,227.79928340394216,227.74869774477122,227.842181563857,227.8095939867116,230.47383420027214,230.45655391736415,230.470800069922,2285.9759868638994
460.9483016195625,230.28739685619726,460.98788126081047,230.4860506812293,230.45855882493336,460.88082081349484,230.5091943044614,230.5925709748757,230.54303405402584,230.54849897022675,2996.2423083598173
230.51795684330352,461.68019763631696,230.6421291883569,461.3928281111313,461.2798722609111,230.67725021830094,461.31110533689133,461.27812840671794,461.2860022772558,461.27839262620273,3921.343862905388
230.8722619362567,230.6626085492001,230.717088136726,230.6679734215767,230.78976763124734,230.82027597780979,230.80895016893373,230.67058987843902,230.646806089692,230.52999322356533,2307.1863150134463
230.3270211701264,230.27103999564454,460.5551438507138,230.29493074906316,230.26524585202728,460.50299819219833,230.13824303229327,230.19787084232146,230.24510030407095,230.37111397355534,2763.168707962014
460.7384320553783,461.3660773663487,230.6455113353081,461.1121527199619,460.7260958391951,230.3359543315459,460.91558758059523,461.00820145023226,460.91199987179505,460.7859906603029,4148.546003210663
230.37372370018525,229.9934335437615,230.13124550057393,230.22279947566906,230.44077967746443,230.4374035321056,230.35669564071208,230.42740755679176,230.4458177033184,230.42519220736946,2303.254498537952
230.3984004017306,230.5764612184511,461.09372421648754,230.47681564095515,230.4476905334909,230.4514099062016,230.5022533685464,230.489718516836,230.5200156087123,230.57028200758617,2535.5267714189977
461.2118717161894,461.7845051736888,230.87332095673284,461.81962029127493,461.7562792451454,461.6053582253951,461.7282156079989,461.81172819328845,461.6501319301145,461.45860795433055,4385.699639294158
230.76939794450942,230.3376145529432,230.3557467826539,230.3817377757607,230.38469047047425,230.4948114605705,230.4932545264247,230.37807337596615,230.418309072029,230.47314821598653,2304.486784177318
230.39879590473026,230.75633149333382,230.70741157097527,230.61164149746497,230.57527288294747,230.5561027629066,230.553198477336,230.59497442658102,230.65079613850142,230.6732063946587,2306.077731549436
461.3919821902843,461.08538171074895,461.24658277578095,461.28372992460737,461.41656802984306,461.37020079671527,461.3704651216884,461.3768090119075,461.3194560128245,461.31924459957713,4613.180420173978
230.6640092060936,230.4092640443536,230.36209900920767,230.42996581090733,230.45483922146084,230.47879451585584,230.42877898492418,230.44048953608717,230.43808930362522,230.41414246960576,2304.520472102121
230.43136364385532,230.60678112018627,230.48515353057647,230.48707977440208,230.4874491947056,230.49317536084362,230.4812747537164,230.4849688239561,230.3743036474661,230.28397252238938,2304.615522372097
460.65261941837076,460.4367533685145,460.71523629819234,460.74607662341765,460.6800780924643,460.63844338041537,460.69325520202267,460.6623165416678,460.65947060446075,230.40625798247083,4376.290507511998
230.3264414608799,230.2267222126291,230.25070910253083,230.17450021688194,230.2098474949719,230.245363621829,230.2752541014292,230.17434232339053,230.2619538548743,460.61620614943223,2532.7613405388493
230.32633605951222,230.92366211005378,230.838193136859,230.81575081336615,230.7683398772103,230.72650109423034,230.71066344104025,230.88213767932288,230.8088972472022,230.7753762070262,2307.575857665823
461.53847846759203,460.88045154366546,460.9741067745657,230.56959544904512,461.0778314752954,461.0163300276058,460.86768572197076,460.77602468499487,460.996642473455,230.58010552370848,4149.277252141898
230.76897471642548,230.53741100490384,230.560644156094,461.2041060299454,230.66686342750663,230.74056908030911,230.7861960625716,230.7926249657812,230.7635786944289,461.4662764395508,2768.2872445775165
230.52862059039134,230.63700331097377,230.4753381031878,230.4191265876562,230.40148536113838,230.3249131504904,230.36760807024586,230.40723362553686,230.3912024843717,230.35540414138728,2304.3079354253796
461.09858201712575,460.891160608969,461.221328245067,230.57376767555994,461.17864486593055,461.0052456749829,460.82738834652116,460.7960098001776,460.7791357103696,230.35825073054426,4148.729513675248
230.10328592780237,230.59737792838888,230.61792859371656,461.2815104389821,230.5961629651689,230.77164636973538,230.87205013332735,230.84780126732807,230.89513894025905,461.7863587794165,2768.369261344125
231.0113679757953,230.74260537830887,230.73847992880485,230.75813002632106,230.7366552578087,230.66884556726902,230.6592259008127,230.67265137110647,230.6262766966491,230.64278975613863,2307.2570278590147
461.4652715890462,230.62735988088232,461.0594057149845,230.51650517185294,461.18044078949254,461.29556754200433,230.6348367715113,461.0495862838346,461.0563436969522,230.60379631611846,3689.4891137566797
230.48246212052263,460.9676684081372,230.45352024197513,460.99479520212,230.48333286395587,230.45296627509336,460.9259289361206,230.51486876413978,230.52310382577733,461.0002842803066,3226.7989309181485
230.64831225083705,230.70828401492153,230.68340873190382,230.67481862107678,230.67732951037786,230.6700348674779,230.6574553353543,230.7009345419564,230.62022690353683,230.5780985007646,2306.618903278207
460.7760774138885,230.23904416186102,460.79564066624124,230.43017680347313,460.82079586034786,460.8538656709448,230.47043070298622,460.7288371634798,460.9022394761106,230.52381650300455,3686.5409244223374
230.707861010972,461.5589530437833,230.71462926030833,461.2824616444919,230.65882950319923,230.62020048592234,461.1290512097141,230.59650632304192,230.6083660033094,461.0803657924931,3228.9572242772356
230.50784831083422,230.2514727628929,230.29090031848696,230.3343731905609,230.33244949830083,230.36117646493446,230.30417756406055,230.34238452852807,230.3586197379934,230.3770716178951,2303.4604739944875
460.49409773948537,230.41234929469144,460.8172096270838,230.42941195726047,460.83234602038107,460.8297089465378,230.415962043269,230.36341694241594,460.75983748517405,230.44985355833165,3455.80419361463
230.6666255730243,461.0270981948467,230.50476050249583,460.8417342482416,230.42429553042777,230.35664292617042,460.8413122972068,460.94429126182916,230.37730887559826,460.54792703029517,3456.5319964401365
230.13748012282895,230.35479793241257,230.36439222269874,230.41139997809492,230.406231613854,230.40813016969327,230.43948723513262,230.41788713074916,230.4704570862995,230.49906015059113,2303.909323642355
230.51558139044937,230.3670281566756,460.76880094064063,230.41844092899586,230.3783106357327,460.95969985939496,230.44703108277486,230.49958794910856,230.52283987236697,230.51890703815346,2765.3962278542926
460.8992323023649,461.3739542397198,230.5131004141818,461.06267895165035,461.08559290970135,230.49642119426025,460.95748349083493,460.8800822744278,460.856133790405,460.9271424929568,4149.051822060503
230.64529994821763,230.5936538425195,230.67532079456407,230.60173605395985,230.66012440711393,230.66744485163957,230.6857876449416,230.72872224114465,230.69747146340967,230.65217022700142,2306.607731474512
230.4886630126121,230.37870606976293,460.91643175548876,230.45104060141495,230.4262207571609,460.8443187151902,230.40422761663373,230.34048705601384,230.30488888827878,230.34283254743372,2764.89781701999
460.73938102244773,461.24652993914776,230.48576042584205,460.9753733596236,460.99622023870177,230.55953519473638,461.17294026033704,461.3798752880522,461.36766329238253,461.1638554390734,4150.087134460344
230.55132393186844,230.39634380802062,230.55829422681788,230.61523408191866,230.64654185292284,230.5944990145764,230.58044883376405,230.49613091275288,230.55829422681788,230.61203773290543,2305.609148622365
230.7813283247523,230.74271116100516,461.42090386901776,230.675849400597,230.65272515199817,230.65002982702617,230.66543630797068,230.655235560346,230.6800783360779,230.68248361230616,2537.606781551097
460.95653362511945,460.82986717011727,230.29074226526058,460.6061421369096,460.61826115893683,460.62948499594114,460.49488770658206,460.55340547183215,460.55925279842006,460.57205422090675,4376.1106315500265
230.22711712644065,230.40451766670535,230.58145236132665,230.57038763234,230.5709685702159,230.5796301730115,230.607705632694,230.60408686887197,230.608313173521,230.64278975613863,2305.3969689612654
230.7166122210709,230.9882294170836,230.77736021215415,230.73959061223644,230.70312876003305,230.59962300280773,230.5323689734569,230.62817888059413,230.61980422243107,230.56774704252607,2306.872643344394
461.3503244264532,460.8690044724485,461.19919317982675,461.33076690406136,461.4168324079477,461.4250282794638,461.66754627216005,461.6402873210836,461.69057333111044,461.74600649913975,4614.335563093696
230.862492930555,230.77307480381435,230.7977842212257,230.77722794408433,230.7399079523237,230.8825348448389,230.88542095529672,230.7816457796552,230.75038066491572,230.75366019461208,2308.004130291322
230.76945084812905,230.8047429670026,230.80498110641295,230.8001390349908,230.80466358730837,230.79569403353284,230.75075092972935,230.84764244875325,230.81000860866087,230.83215868698272,2308.020232251503
461.5391133108822,462.1535069787899,461.94010095947175,461.7417704483246,461.838212809787,461.89950986155975,462.0157381292785,462.0301581159921,462.08790009478093,230.97145487289987,4388.217465581766
230.90589057974498,230.75604055680853,230.85132180184726,230.98083559732726,230.9955441991692,230.95510667443222,230.95587501442566,230.95052323516538,230.88949870223524,461.838212809787,2540.0788491709427
231.06468646781354,230.83279387737554,230.8451013812758,230.82964442598254,230.76455736595904,230.74392766898384,230.73022947233477,230.7024942830466,230.68298581916704,230.72496747012832,2307.9213882320673
461.5618630147036,462.10890075645705,461.9248917097843,230.92943645977908,461.91969853682804,461.94905739733315,462.0737946613771,461.99824450087027,462.1108100021725,230.95587501442566,4157.532572053731
230.82202257996502,230.753395712955,230.82255185856403,461.6974554267397,230.88780403666559,230.88330270204438,230.7877834127801,230.78355052741347,230.8057484478558,461.6374822136549,2769.881096918638
230.763340640447,230.87109702495428,230.76191232686975,230.5955819003285,230.3928107712093,230.27952104068478,230.2089788167106,230.10678379036966,229.97215339960866,229.96033279877187,2303.9125125099545
459.8736005745262,459.4649708798619,459.7049600020459,230.02993421875735,460.46239596365274,460.75314148425304,230.43270874440148,461.16528152105343,461.3909247935875,230.69593822519826,3913.9738564073377
230.68541758857987,230.70439772447563,230.67109203351473,461.3364225576775,230.66612343739473,230.56677003962406,461.24642426591777,230.62862801193796,230.62012123311516,461.2910755174433,2998.416472409681
230.62516710383818,230.49217260152366,230.47124858850714,230.44275793360097,230.38661503545,230.29706456354177,230.26811655037355,230.2607424236151,230.2684325949323,230.27122435954624,2303.783541754929
