914605.0573373236,932868.6885581069,954587.1752225527,974067.5205885979,996341.5044069326,1018251.7332683395,1041793.4719822924,1066901.014472996,1103017.6146684915,1137563.8506301777,10139997.63113581
231.10784182051734,231.02324385855397,230.86746999004637,230.863631281617,230.85362476598056,230.88547391212603,230.88039016728533,230.87625978944297,230.67883607019638,230.67537365505834,2308.712145310824
461.0263591869009,461.1959180045614,461.2613775092953,461.2874291147796,461.2704661733275,461.2474810003968,461.15735895499466,461.23913292998,461.4409978460909,230.6135698560866,4381.740090576413
230.6878758423779,230.71433842892944,230.70651269623505,230.74889961754383,230.79127566010138,230.82739487046138,230.79717568166166,230.694907266136,230.72150367002726,461.4643725159884,2538.1542562494624
230.73387863992494,230.4419930038673,230.5011977495155,230.50059077295083,230.48663119419695,230.48565487860975,230.5211505848544,230.64416374924488,230.677858125617,230.67045773272983,2305.6635764315115
461.16322162769114,461.29694159051957,461.1320085727616,230.59782693977542,461.3401225930215,460.95695578717635,460.97553168324515,460.9814425096059,460.92603446254833,230.54651889819505,4149.91660466454
230.5485517726132,230.69916333612244,230.7245179634793,461.30724721530845,230.55779256272766,230.7880479732711,230.73025591516299,230.7346719525013,230.67928539886432,461.3235257556039,2768.093059845655
230.76910697503496,230.49750315904734,230.54696771154127,230.60857732270512,230.6046943906317,230.5470997157992,230.5876057607905,230.43442311099633,230.47963884615586,230.44494724331875,2305.520564236021
460.6532518270108,461.4553290936087,461.33372685501325,230.566057096786,461.1701936487179,461.1550878695926,461.0945690440285,461.2777056561719,461.33198259360586,230.68248361230616,4150.720387296841
230.76939794450942,230.51141126940854,230.64765165142182,461.401816211697,230.71021399012466,230.76611796746317,230.7765930594596,230.7418120111782,230.78151350667287,461.6741630079293,2768.780690619865
230.76876310296566,230.726924166536,230.7089978376037,230.7005644369971,230.67957614187637,230.620279738784,230.6265408869873,230.69702206389155,230.67746166396051,230.65106038501838,2306.8571904246205
461.5382139500699,230.9486422231463,461.87275331337884,230.92959539091916,461.8404906286636,461.76416944804794,230.97296527706155,461.89262174098127,461.9846215926681,231.0017992353508,3694.7458728002875
230.8878569945881,461.21963766395277,230.63597287859255,461.3552404969191,230.7517559402133,230.77013859739174,461.5068443221869,230.7850584750206,230.7812225066454,461.56583121600113,3230.2595590915116
230.87467122193058,230.81845001290944,230.80953230958235,230.80159428100356,230.72869579866796,230.82125513030792,230.8429044617771,230.84060171152635,230.7855082175957,230.77569364555427,2308.0989067908554
461.3757516847558,230.64527352485857,461.3342554216801,230.674739330726,461.2884860371548,461.1811274698451,230.53609108007294,460.88973622183516,460.9753733596236,230.52233836255263,3689.423172493104
230.62664656329207,461.0397144816736,230.473174599922,460.760470188238,230.38458501578836,230.3876959696061,460.88635993194526,230.53197301174114,230.54374685448977,461.06669136967616,3226.7010579863727
230.418309072029,230.4892963139864,230.48101089608753,230.53939092048986,230.6103207224973,230.61708324990366,230.5750880318589,230.572790621634,230.50914152010145,230.49842679556082,2305.3108581441493
461.03116278089874,230.60823392888378,461.1912166246064,499.56144950915683,461.11500425324124,461.13591657497085,230.57495599554852,499.54869163358734,461.0807881814014,230.57992066487122,3996.427340147166
230.70725294551215,461.8678262078468,230.99040260106963,462.1147876480844,231.05020770540756,231.03618147749984,462.112878369501,462.12454642946335,231.14589131309347,462.2861035244028,3465.4360782218814
231.01126194662726,230.69313615284926,230.67056344928508,230.6834880282146,230.6922109552295,230.6769330505384,230.65637186840553,230.63045097476322,230.32810154514527,230.3542707967672,2306.3967887678255
230.47502149041662,230.38450592483727,460.73526886004595,230.36209900920767,230.29695918905912,460.5307023949809,229.80347036166495,229.638570625407,229.9544229540272,229.86791134413292,2762.0489321537793
459.7694719366995,460.1917395178774,229.96364244451618,459.8899881947465,459.95455207474816,229.989492479206,460.87232775712556,461.036072051817,461.05301775792947,461.21747162501214,4143.937775839679
230.6020794284298,230.48758113081527,230.66432633831798,230.68021049281015,230.6824571804267,230.69937482195638,230.65386143532302,230.65187955306877,230.53273853895215,230.37396095099268,2306.028469871093
230.3132143428315,230.76619732064597,461.4969529292876,230.7055609541446,230.68954114084687,461.37807781088634,230.6816906585568,230.76307613659873,230.8301208080716,230.9372508332086,2768.5616829350784
461.68162691351563,461.1064497592051,230.50320343394105,460.96951546207634,460.94782670513575,230.39035880189493,460.95568930332536,461.00878205339575,460.9245570969572,460.7489763535174,4149.236985882965
230.37596442174174,230.27672907489364,230.37161482559637,230.42331974286185,230.4867895164229,230.4468728151646,230.38940966649443,230.38745869050783,230.4370078965471,230.4863673243037,2304.081533974534
230.66163074220614,230.4225021974802,460.71460371934995,230.34654853611966,230.305125997328,230.36750263119774,230.39339081459454,230.27675541387723,230.2572135443353,230.3096575085388,2534.054931105027
460.65203971197604,460.8081388156232,230.33463671255095,460.63854877524767,460.515111787115,460.67364793668116,460.58880777475537,460.7366922925706,460.6061948269294,460.47777235961286,4376.031590993062
230.05048901268356,230.14360984870828,230.08319500260853,230.06557888475785,230.134191777853,230.1308509155952,230.16631635628423,230.1021813617164,230.16492173711435,230.1737107515911,2301.2150456489126
230.160948480824,230.36331150720434,230.43202300490597,230.4710902876307,230.46473204887678,230.34330692229221,230.08758630573402,230.11961896401556,230.03143233410273,229.69691769881618,2302.1709675544025
459.23057446650296,459.1981037828547,459.0653883395691,458.99280687071405,458.93944509171763,458.93055266814747,459.48908960257387,459.77934191725956,459.7231726847701,460.4289611128422,4593.777436536951
230.30365066006513,230.45584165596767,230.48246212052263,230.4543643871067,230.43239224874256,230.50848171764184,230.49262120329877,230.41801898723313,230.52481953767844,230.53030998738834,2304.602962505645
230.62012123311516,230.4539423137679,230.54556847570075,230.55235360799986,230.5515615486209,230.58747371014346,230.59941169982235,230.56774704252607,230.54826135978712,230.51695386834905,2305.5433948598325
460.8328206968781,461.3331982895575,460.89912678820923,460.87296076916476,460.9509928197992,460.9205999143529,460.74987264111434,460.77686834874163,460.8610393344333,230.48533823749287,4378.682817839744
230.6796554355523,230.6237405001984,230.758949955075,230.77632852523027,230.7484764646438,230.58802832387738,230.70780813558738,230.79122274647466,230.75619924936774,461.4308977599148,2537.861307095922
230.5175081429029,230.16939510372146,230.15576503480003,230.22527420691122,230.2991193852272,230.40609977086032,230.362283518949,230.26516684299315,230.21640227866982,230.19034329846977,2302.807357583504
460.7150254383852,461.29694159051957,461.33367399841313,230.58654935984893,460.94904037728264,461.1246152362659,461.2991612246436,461.4470263804881,461.52583486916166,230.78392089868433,4151.0617893736935
230.74659874237364,230.78820670985684,230.7359677081077,461.4992273831636,230.77831254673274,230.78958243608014,230.77032376135517,230.80180595467962,230.83348200424595,461.721226704419,2769.4647339510148
230.7399343973704,230.40475498094347,230.4437602630077,230.49024627257316,230.5364606575021,230.51360188380193,230.42521858032634,230.3053894523997,230.24330975928856,230.161790483947,2304.26446673116
460.69520547827653,461.16908444945335,461.3515402190752,230.65917304771884,461.0859097084927,460.8600898661485,460.89480074942173,461.0396616924241,460.98455630945085,230.53809737178915,4149.278118892251
230.34683844098785,230.47628794672065,230.31479519333706,460.47592924428454,230.35593128221967,230.40483408579814,230.45771464907347,230.46934899234205,230.45903367657235,460.979067605798,2764.739781117134
230.51785126658152,230.4165949451926,230.4620411157285,230.5129948419082,230.51513269929626,230.55354170727256,230.48459941160348,230.42629987675596,230.40820927686556,230.4165949451926,2304.7138600863973
460.75055803986487,230.41975950696457,460.6296957774553,230.2980656259362,460.5704210780248,460.5798513207608,230.34133037327186,460.64935200139206,460.78699255468405,230.38621957426864,3685.4122458526226
230.38917238386622,460.7447058546212,230.46167177686746,460.8875732804302,230.4033311028476,230.44476260113393,460.8629382827397,230.47963884615586,230.51447286253833,461.0085181426856,3226.1967851338864
230.61708324990366,230.5023853216051,230.6642999105993,230.62239316852214,230.6826157717944,230.6515360302747,230.56217559645933,230.5488421861709,230.55169355813945,230.52487232921885,2305.9278971226877
460.8587184188659,230.45022285931378,460.60998854003634,230.4399620081821,460.74760556746685,460.7499780869432,230.47599771592164,460.97067647498574,460.90751531433665,230.46449461107127,3686.6751595971236
230.4503811315256,460.7480800694075,230.38168504975724,460.75488137128906,230.38954149038798,230.3526366915982,460.70158352402746,230.34080329926198,230.35058091480008,460.75061076293014,3225.220784304985
230.3094467366213,230.33650773601912,230.34117225081562,230.33063124337514,230.31418919807825,230.3694796294116,230.35988491536565,230.32541380166006,230.298250033116,230.26176950581691,2303.24674505028
460.76036473760666,230.51603008334922,461.09356581166827,230.53276493653286,461.2219622161801,461.3337797116254,230.72142434757896,230.7642928593215,461.5605402961002,230.79878964144933,3459.303514641412
230.64852364344912,461.1676055254005,230.68285365925482,461.27559191506504,230.62905072538894,230.6149435010743,461.1162188059034,461.12160516003195,230.5166635351227,461.0759307556799,3458.848987226371
230.66503988901127,230.47056261961308,230.41161093666258,230.50557863169215,230.55916554332114,230.46314913941453,230.46800346400428,230.42695920882772,230.4007734400964,230.35553592636919,2304.7263787990128
460.726992037776,230.4485346359148,460.8622525496017,230.403884831127,460.76437189552945,460.9156931022878,230.45697600026924,230.41801898723313,230.48916437591308,230.40670624988056,3225.8925946655327
230.37317011686832,461.4187359392447,230.60015126196532,460.8957503607355,230.45170007507863,230.48211910218865,460.91405752148216,460.9094146456657,460.95299804824896,461.16982391503683,3688.167920986514
230.72213825157723,230.49760871713138,230.54321885372286,230.61399251433988,230.55678924109654,230.46146072662123,230.36099195696653,230.3709821707486,230.26708941154914,230.28589540499055,2304.680167248744
230.32633605951222,230.21779752177488,460.52938557985414,230.3609128822136,230.41923207396613,460.95706132781146,230.54538367223685,230.5918842835908,230.63909062529535,230.61103393910085,2765.1981179653562
461.53826685355006,461.38220145576304,230.7775189340381,461.4565454397303,461.3681390723188,230.58908473837036,461.2589997202569,461.2633854391304,461.330396912863,461.3569320722743,4152.321470638295
230.31511136604237,230.3556677115019,230.27643934647188,230.28550028950602,230.29882960046086,230.3424108825331,230.33621785715388,230.32414900290138,230.21929808512118,230.15929080517904,2302.9129149468718
230.09313483859665,230.07412367964838,460.00184387707714,230.00549404035428,229.95993879967173,459.96873859440194,229.90941303874405,229.88764968699215,230.00504733273942,230.03274648643682,2759.9381303746623
460.25849256791,460.28443100937926,230.30467812508937,460.64360778391733,460.59217970651366,230.27775629971822,460.70189979535456,460.75187612011655,460.66969506115424,460.412745642522,4144.897362111675
230.32512395071763,230.01342995896522,230.00625607499612,229.93926887371595,229.92755668969977,229.9487760528504,229.92957866316067,229.86951233338803,229.8864684408026,230.14603025957683,2299.9920012978732
230.32754818106457,230.27264660528246,460.53270396839605,230.30586367304775,230.36151912337337,230.35548321235834,230.4012744211117,230.49016710905852,230.50729408273307,230.46647327439987,2534.020973650826
460.6515654078293,461.5355158886629,230.62434812551683,461.2517608245533,461.328758387547,461.31903318652354,461.22671705508185,461.1757397250766,461.0696479329094,460.97088756887035,4381.153974102571
230.326388760184,230.1118598251815,230.25268409661604,230.2782304065744,230.24546894910085,230.24646956298977,230.26540387025818,230.17660548413363,230.25605483144463,230.2789942495046,2302.4381600359875
230.28863490963937,230.5213617444395,230.49966711909465,230.46056376738716,230.4659192452431,230.45072405539702,230.43611112764407,230.41923207396613,230.48061511077694,230.49634202650392,2304.519171180092
461.06172865234663,460.89791337889125,460.9381175580375,460.95838058982747,460.98946458783985,460.9813897336999,460.8620415552005,460.9133188758909,460.8238547504767,460.79400593734647,4609.220215619558
230.57704218693308,230.46309637614027,230.4628853232848,230.47744887722624,230.5279342799341,230.5577397561083,230.58462145308224,230.60490570329844,230.5939707813148,230.55636679249588,2305.406011529818
230.35100260961337,230.54712611666892,230.5862588512869,230.59645349868723,230.55816220974037,230.51608287086404,230.51748174881607,230.64556418214124,230.60733582680137,230.60009843594065,2305.52556635056
461.5385842746858,460.92993897434314,460.8472196820093,460.7632119215946,460.698947946522,460.6312766449606,460.73938102244773,460.6001882423137,460.5620448175427,230.32870761361784,4377.639501140037
230.3260725565151,230.33887949959566,230.30557387130855,230.30280761868724,230.2649561525006,230.34288525565483,230.2633759860959,230.18139511060053,230.2043722991292,460.39968986011576,2532.9300082102036
230.04015858676877,230.07428143567503,230.0945022906408,230.14542515208683,230.1177777650777,230.1206710909228,230.1636323872567,230.25618650277673,230.2765973800661,230.23127696755128,2301.520509558823
460.4112189200587,460.125794529203,460.1521912910615,229.99913518952658,460.0136157926744,459.9454101146525,459.99958415863756,459.6710578138667,459.6689062957532,229.8411964867825,4139.828110592216
229.85090549066743,230.5003796514168,230.5328177317124,460.9585916724508,230.56571382958464,230.58565142665904,230.63636919764954,230.76254713072123,230.76590635924256,461.49451981740253,2766.6534023075073
230.76939794450942,230.6244537998121,230.54240045731373,230.57434863046848,230.51457843616575,230.50639676669604,230.40602066513654,230.44262604880183,230.46275341544646,230.415962043269,2305.2589382076194
460.7260958391951,460.8278102720585,460.92983344612753,230.489349089258,460.9823397018573,460.97083479538105,460.9585916724508,461.0826361419741,461.03433004049145,230.61172074444414,4148.613541743238
230.73144584870624,230.76709666053165,230.7826246044372,461.60482903732225,230.84234862130333,230.848463013742,230.93089333675152,230.8431162112331,230.8226047865574,461.66881667071596,2769.8422387913006
230.76997988565958,230.70891852375422,230.563601438536,230.4965795299361,230.45423248902225,230.43320986430615,230.3829768437902,227.64329513396163,227.6786416448508,227.72564143864685,2296.8570767924634
455.42717407778565,227.72077316204238,455.46266847545695,227.67761172964973,455.4561255508357,455.5956284437422,227.82343741176967,461.1470600260641,461.0179663343333,230.26587792625213,3657.5943231379315
230.31627067338877,460.1290545231191,230.17105292491848,460.6196311754602,230.3617036321858,230.34834068699269,460.69473108523556,230.349553040161,230.30072638671228,460.82649175731956,3224.1175558854934
230.34391307078815,230.3743300087755,230.30578463613747,230.35706464317906,230.28903003588053,230.2425724842374,230.22874945123482,230.1853953909548,230.2446263336242,230.18939581035173,2302.760861865164
460.54018368619785,230.1878166808214,460.43627950759725,230.20492507150504,460.4660819923906,460.5724756790145,230.22477399098707,460.5277000674802,460.4123244766932,230.30757615275851,3683.8801373054457
499.1256482827551,460.85950963745586,230.4855229447053,461.0144298150152,230.44600234719402,230.43318348952,460.9048773801259,230.45636925657934,230.32941908937283,460.6976301690775,3494.7525924118013
230.18910630164922,230.6431332528805,230.5169010804353,230.34950032888833,230.35358552403497,230.34117225081562,230.37053404233384,230.36389140206256,230.47583940852118,230.39104429343664,2303.9947078850582
460.9255595940041,229.9358548852117,460.1402019481267,230.19265941337324,460.45060106825065,460.412745642522,230.23988673648049,460.3748964407637,460.53460021189113,230.36800346753597,3683.57500940816
230.36157184014675,460.5081595590685,230.26593059926086,460.60039899701667,230.31308260626892,230.32146135166082,460.6211592804277,230.25552814762221,230.36067565828054,460.82432940948115,3224.4322974492334
230.44829723148308,230.30847192152106,230.29253354786334,230.30025218722025,230.28966224068668,230.3042565998678,230.24728585970905,230.38308229700388,230.28004783427517,230.1761844276024,2303.030074147233
460.3396322708278,230.64257837403682,461.3118452579946,230.58132031772726,461.160263864276,461.1680808928116,230.62366124495813,230.632564590927,461.458819495332,230.80802404213566,3458.7267903510265
230.7686837480183,461.45612236209115,230.65700609172566,461.40345525602163,230.7219796058625,230.68026335554546,461.46553602296524,461.54466826416905,230.74363676373505,461.53863717825084,3460.979988648385
642.3390076282764,642.2468345196017,1054.1103196228923,642.5008899242323,642.5056784044514,642.6809121965307,642.8238670289718,642.7664267854533,642.5452413487694,642.069998081899,6836.5891755410785
230.7577332886932,230.75686047071392,461.533188174757,230.77606399160743,230.79381554271856,461.6735277930655,230.82863873691844,230.82813589567257,230.78717492595266,230.84594839755252,2769.581087217651
461.53937782943524,461.4696083435888,230.74009306777774,461.4901825946282,461.45257911731863,230.68190211235694,461.36047384834956,461.38463338344945,461.5464670396072,461.5578948816368,4153.223212218149
230.8226047865574,231.10383594322965,230.83475240309318,230.8124959802314,230.8521159222201,230.83361433680676,230.80294370734063,230.76651473392283,230.68303868317435,230.7022563550764,2308.2141728516526
230.71526380404376,230.6245594742042,461.60149518036366,230.7203667201467,230.61335852754092,461.14072245228493,230.56243963995783,230.56426155658076,230.5590335252458,230.55953519473638,2767.661036075105
460.9690932770138,461.0162772437112,230.3458105997479,460.8015468801928,460.9258234097412,230.48937547690286,461.00767363044366,460.863993260783,461.02926244603145,460.98698404698837,4148.435840271556
230.55071669128182,230.49341285774997,230.63171913981265,230.64297471579556,230.58742088992696,230.61150941928742,230.5815844050773,230.55787177270201,230.55166715622363,230.56547618365934,2305.7743532315167
230.45483922146084,230.1801582099494,230.20537255584887,230.07391333861608,230.06063633931714,230.08934813314528,230.13124550057393,230.147635125287,230.12414317797757,229.99837320206842,2301.465664804244
459.90196450199403,460.2593869482603,460.3757912735667,460.27643344997233,460.41727322384565,460.2771700556661,460.0046816944718,460.14456641731175,460.2792220411019,460.57036839618917,4602.506858002379
230.6347575086442,230.71320154966537,230.60548681512887,230.61103393910085,230.59127682932487,230.61367552050467,230.74964013885327,230.77455616153736,230.69125933113412,230.652117377141,2306.6370051710346
230.5164523841447,230.5345335882123,230.49787261276447,230.55393774308462,230.58565142665904,230.52196883040153,230.4503283740975,230.38321411365672,230.4161466393042,230.45051302520153,2304.9106187375264
460.9198084859857,460.74460041120545,460.94070310616513,461.2392914348317,461.0992684537305,461.21720747531367,461.22534342488467,461.30275496327596,461.19686885710445,230.59230686235904,4380.478153474856
230.44536928370945,230.53735820762043,230.48871578759372,230.2497347845957,230.30196458348132,230.37791520305996,230.3889614663848,230.40660077503898,230.47367589584377,460.93901458165294,2534.609310568981
230.46111777079554,230.53899493465204,230.498717082851,230.62717494626855,230.62384617393684,230.57947172321474,230.56967466712965,230.56774704252607,230.53749020087434,230.50966936478872,2305.5139039070377
461.2666087314736,461.2203244610357,461.3845805151837,461.20194013688536,461.12229166518745,461.24214454079305,461.37929374978944,461.373848508095,461.26713714435226,230.66466989921182,4382.122839352007
230.7352801625042,230.68747934628618,230.63285521617914,230.8314441019693,230.84353971131054,230.7767517802883,230.7796881550002,230.78638125230412,230.79611735962845,461.6719397635534,2538.541476849024
230.80320830259038,230.75188817908656,230.7126727724299,230.70230922791626,230.72184740126684,230.70167475543752,230.62696359278743,230.59095989793488,230.61275096012955,230.578600253225,2306.8028753428043
461.247375326731,461.2194791726087,461.3796638194234,230.70513796018048,461.27791703134807,461.3334097155945,461.40694487304904,461.32553422655513,461.44623314327833,230.7313400763387,4152.073035345107
230.50771635152077,230.65919947426272,230.51494794462326,460.89807164930954,230.40675898733755,230.40631071972263,230.39792579992337,230.47185541054805,230.44056866548124,460.83287343877146,2765.5362284415005
230.46143434536765,230.21527030140723,230.1608432308668,230.26221721118262,230.2452056311019,230.19631791709568,229.98668126902524,229.97168055224293,229.977144684837,229.9805598995667,2301.457355042694
460.3096882848367,230.40820927686556,461.0922457757402,230.37599078343123,461.1509682833947,461.1688731740079,230.83070305551738,461.7767731502985,461.88096538954215,230.97479368747696,3689.9692108611116
230.76947729994797,461.1792787197082,230.7364172593716,461.6883499286805,230.81270767390438,230.8878569945881,461.8441457803275,230.91960964256234,230.88136982986646,461.7362636984593,3231.455476827416
230.9154778613651,230.82165208638995,230.83586401355527,230.862492930555,230.78646061942334,230.77019150135098,230.60543398665965,230.57482395938936,230.4761296389215,230.48992961884085,2307.1384562164512
460.6631597890748,230.4491413383515,460.5834865453835,230.28818710153854,460.45676171948395,460.3991634328069,230.32380645562807,460.60493026978094,460.8033398679571,230.38368865485597,3684.9556651748617
230.61806067924715,461.0728157213079,230.56764142019153,461.22470944447633,230.66694271244307,230.68092414178093,461.31337795925924,230.66736556635794,230.62709568866774,461.2589997202569,3228.6979330539884
230.76529798777003,231.02902318958792,231.01001611119327,230.9268671033701,230.97672812421305,230.94636385525556,230.9157427146989,230.9132001477741,230.87890745054364,230.86858191564193,2309.2307286000487
461.5456734604797,230.70405404522737,461.2195848334926,230.5932840816928,461.10053572667795,461.0326408299598,230.58095059645348,230.52423883232967,461.1842967902789,230.60493211740902,3459.0901913140015
230.48032486907974,460.9383286221035,230.489718516836,461.04567974473395,230.57434863046848,230.63264385228675,461.258259968667,461.2559350505459,230.61647566286607,461.22433962337635,3458.516054540963
230.61499633390062,230.36278433259398,230.47164434164964,230.50180472927687,230.47124858850714,230.4829370706706,230.4286734898729,230.49211982495905,230.41369417326058,230.37456726083172,2304.614470145523
460.6543585463092,230.44740037471087,460.7760774138885,230.40968595405278,460.9128967937589,460.8094572253413,230.3706131236921,230.36346966005794,230.43785192071422,230.49520729463907,3225.677018307165
230.56154189453036,460.843738526209,230.4055196634807,460.70537880861264,230.33524281541636,230.3183521863225,460.75836118478213,460.79790821262065,460.81552200721484,460.7706991288968,3686.312264428086
230.5092998732538,230.6423141469544,230.75611990306083,230.6298168974684,230.47705310414904,230.27996881508295,230.2222992704987,230.21679715707802,230.23891251013382,230.21337492254338,2304.185956600223
229.90828407840195,229.8440566216199,459.57163673891506,229.9672936721657,229.92648006898938,460.3372639754098,230.23717472144466,230.19142239165996,230.1825530721939,230.23714839151475,2760.4033137323154
460.68466364107223,460.97547890869254,230.40053613406008,460.5411318367914,460.6794983169571,230.32240992728927,460.62321433412876,460.686877386866,460.6532518270108,460.37115923548237,4145.93822154835
230.3104215599737,230.3328184230933,230.33397790870643,230.30320279356462,230.40433308930255,230.40673261860601,230.38906692507726,230.36357509541435,230.36312699581626,230.42864711612515,2303.6359025256797
230.32530840123295,230.3184839289134,460.69462566469247,230.45834778038858,230.49214621323833,460.9742650973173,230.473042680305,230.50520915327144,230.47454657289092,230.51331155901906,2765.22928705127
461.54022429084245,461.56376774281114,230.71674441966704,461.338854002789,461.26111330930263,230.62873369015543,461.29223815070304,461.2282491907235,461.23913292998,461.38029822589135,4152.189355952865
230.48050956825702,230.46008890944276,230.53382084471872,230.43661226234713,230.50528832711902,230.54950221970492,230.55752852987283,230.53028359036983,230.57007075836884,230.53593269010892,2305.1596377003098
230.61489066827215,230.34270077698645,460.9259289361206,230.62297436849096,230.58499118612806,230.53247456347748,230.50834975760318,230.49908654045961,230.47755441694304,230.39895410631033,2535.5079053207915
460.6521451130302,460.8732772758364,230.3431751513022,460.715552588265,460.79073651435306,460.8849883283073,460.8209540778069,460.9687238657185,461.04932232640454,461.1874661542733,4378.286341395297
230.74480038913129,230.9851022240824,230.94978142394945,230.76006083558494,230.70640694672613,230.68552331884777,230.6664934318572,230.6660441530215,230.65008267592995,230.61288303972924,2307.4271784388598
230.4326559950646,230.369505989617,230.39958691480314,230.44542203886698,230.4143798036712,230.42308239037922,230.4438921491051,230.426115264452,230.42856799491818,230.45710790149414,2304.2403164423713
461.3741128372479,461.41625077651736,461.40636326654555,461.45554063160404,461.49388509678226,461.38019249135886,461.44565143772445,461.4161979010055,461.3487914796719,461.0974731623124,4613.83445908077
230.6198834750204,230.64210276572436,230.58406685573667,230.59624220151036,230.56193795782775,230.67510935282925,230.72179451947102,230.74554088413038,230.76688505051615,230.75601410806988,2306.6695771708364
230.47578663943602,230.33345086834424,230.37477815195862,230.46858388606626,230.46412526434625,230.41983862212257,230.40203908054607,230.37435637009094,230.31998580510228,230.40433308930255,2304.0372777773155
460.8829836915216,460.52938557985414,460.74597117937446,460.6392865404244,460.8052383407984,460.77887206252217,460.71945353486825,460.69905336904327,460.7348998234197,230.40602066513654,4376.941164786963
230.33777267051497,230.42983394074992,230.15355490546432,230.2013715811236,230.18442162569684,230.16494805052716,230.15531774329423,230.18213199390286,230.14847703100352,460.27217170616797,2532.2300012484457
230.19921321829847,230.183342598142,230.44908858149105,230.443417359861,230.41970676355606,230.4028828485708,230.3907806423609,230.37290650670013,230.42906909681332,230.3740663959528,2303.6644740117463
460.6111477426171,460.5946560003404,460.64761291125615,230.30372969551073,460.6183665445339,460.5714747172681,460.5935495678931,460.6256909616722,460.4814059730479,230.38020873145817,4145.427842845597
230.42993943686378,230.4172542217269,230.3962119763427,460.8841970222297,230.46032633817035,230.52233836255263,230.56154189453036,230.61547183042688,230.667920564474,461.2773357500798,2766.232537397397
230.62146853824547,230.73784525735906,230.73771303458065,230.62836381681797,230.6097660015223,230.56394469944755,230.5316562433479,230.39966601610914,230.41633123563523,230.3586197379934,2305.6053745810586
460.7816140148827,460.14204237684424,460.2565459873982,230.28139116883997,460.6801835063497,460.6413944539512,230.2951151512226,460.56646997379715,460.5628350177801,230.34731283234623,3914.554904483412
230.32604620624855,230.31329338484136,230.29295503017264,460.35252675116936,230.10223395986097,230.07404480171618,460.0011607040447,230.11569987595053,230.24294112117275,460.5617814180661,2992.382683253243
230.26806387636478,230.70170119172113,230.5760651052556,230.48676312937013,230.49884903186097,230.55557470554223,230.5707573197405,230.5667172288923,230.46122329555627,230.34322785968013,2305.0289427439843
460.7687482134123,230.32006485176004,460.88973622183516,230.5115696256794,461.0433041790013,460.7474474003705,230.36795074781887,460.68360948388624,460.8118831189342,230.44813896213367,3686.5924528048317
230.3576972215872,460.95901383827743,230.48449386543453,460.9798592376817,230.49716009594192,230.62656730605443,461.452737768906,230.7642928593215,230.72893378117638,461.47219985777167,3228.3229558321523
230.73813614800497,499.6390978063684,499.64785406597093,499.66988914899065,230.57305468944605,230.58182208420953,230.59756281521862,230.5471789184265,230.4890060504245,230.3762016771644,3112.8598034042247
460.9817591652959,230.32341121004038,460.7036392954156,230.42218572985772,460.98117863019667,461.0413509544047,230.48135391112288,460.8890504089478,461.063840433897,230.6189588648677,3687.506728604046
230.60406045495506,461.09250978232114,230.52885816034788,460.9997564786469,230.48478411763176,230.45454904467857,460.9008150204974,230.41535551552144,230.33389885249835,460.6377056179395,3226.4522930450375
230.2973543438662,230.32309501454688,230.3253347513307,230.3328447749094,230.32391185468057,230.30059466443527,230.3149532795812,230.40203908054607,230.39091246782334,230.37612259196922,2303.387162823689
460.70970129221956,230.64220845629094,461.258524165391,230.59111836352096,460.99986203888216,461.06426279252844,230.50338816978837,230.42724931613463,460.9690405039354,230.46605115670548,3457.631406255397
230.37087672861182,460.2001023141373,230.0776995360427,460.2361867941777,230.0871655748208,230.07533314804792,459.99459183614016,459.6952506600825,229.7931096511658,459.4950148066576,3450.0253310498842
229.68695965664452,229.87938121858346,229.56234753452046,229.5796248710567,229.68245261614032,229.68837469421712,229.69746803685032,229.98594563658452,230.06131987018165,230.18784299946938,2298.0117171342486
460.9613885354606,230.60229073630418,461.57837118058814,230.67791098727417,230.63673909666494,460.97553168324515,230.5205698979901,230.5419252620651,230.4866575812195,230.44120170259018,2997.422586663402
230.3269684691652,460.2197218907297,230.18173723440415,460.62247662043393,460.7236708487512,230.39051699188866,461.0092043111605,460.9210747726778,460.9332103729929,460.95626977422654,3916.2848512864307
230.40024609401286,230.3744881767587,230.315585626728,230.27952104068478,230.2159810765275,230.3258354043332,230.28655393381115,230.24099262502733,230.2291970282057,230.18192145533504,2302.850322461424
230.2521837615767,230.52217999148567,460.83809494597426,230.37116669472024,230.3670017970372,460.57932448137336,230.30589001869657,230.30820845939698,230.28391984112622,230.2156915009487,2764.0436614923356
460.6260071288075,460.07816182260126,230.17518442451458,460.3540530844106,460.49415040387413,230.37090308913696,460.66795581741286,460.6352288611972,460.63022273208475,460.8591404017758,4144.891007765816
230.33967009830874,230.58945448572973,230.3914925016502,230.41743881983257,230.38424228872591,230.34936855081216,230.3171928580213,230.33674491017882,230.29029444896398,230.26593059926086,2303.681829561484
230.32641511052893,230.30978924118315,460.79189662687895,230.35079176201373,230.34928948403882,460.7546177511965,230.4295438269349,230.32799614225823,230.34963210711524,230.31948517752966,2764.309457229678
460.0157705388877,459.95733676698416,229.99101634148505,459.70296561725297,459.67546586509974,229.81648158971362,459.6667547977802,459.8718148146879,459.90874084687186,460.03342970747065,4138.639776886234
230.20237181176668,230.1432678382342,230.32667861430983,230.46325466603554,230.48106366756497,230.5646312243369,230.52283987236697,230.46887409819357,230.51737617252925,230.50739964978496,2304.1977576151226
230.77000633759977,230.48673674232342,461.0052456749829,230.59431413265955,230.64574914624802,230.57091575756075,230.50391598812666,230.47802934686484,230.48705338728286,230.50006296984088,2536.0420294834894
460.65383153645627,461.3512230551647,230.55499384523523,460.7233545475318,460.8132542874807,460.93231337196823,461.02762605911573,461.18191979586976,460.98059809655956,460.9575890317117,4379.176703627094
230.3517669353978,230.15602814826264,230.02317980066834,230.16571114211592,230.0994725897778,230.05837545847046,230.05466876160548,230.06841831541539,230.1778949793433,230.1187509665597,2301.2742670976168
230.30017315416143,230.69763007542232,230.74014595796203,230.66485489396317,230.66326923429452,230.52999322356533,230.54617568916817,230.5305475608269,230.386404122651,230.47700033450812,2305.536194246523
460.78145582443636,459.9208757308532,460.0168216419266,460.1854807685934,460.1677047452955,460.2990588436222,460.41890528080813,460.404006609458,460.5789556945193,460.4467573266374,4603.220022466151
230.26248056809334,230.0765163359606,230.23230378690693,230.2794683614583,230.30328182870284,230.37475179054664,230.37042860060726,230.3818168648112,230.32754818106457,230.33331910863055,2302.941915426782
230.37483087480067,230.70442416138332,230.60950184961504,230.6052226730247,230.55327768415373,230.53511434542858,230.54451245989765,230.55639319548806,230.43015042938129,230.41081984402572,2305.3242475171987
460.55387957386205,460.3224758374053,460.56304573830135,460.34610573597115,460.4532338050164,460.4672931289995,460.3992160754836,460.37168559875226,460.8043418377851,230.4663677448313,4374.747645076409
230.5029395261014,230.39629107533136,230.36381232531906,230.45433800747773,230.44982717973537,230.4485610142152,230.50447019998344,230.5490797978078,230.49518090565886,461.1603694980304,2535.3248695296606
230.60408686887197,230.7139947200633,230.7692656855664,230.79667297748568,230.82519828796873,230.84626603025876,230.83882836046277,230.85516010092988,230.91860316941808,230.80823572760568,2307.9763119286313
461.5760430343894,461.7244563987176,461.22756237003915,230.59957017702507,461.2065360805211,461.20516257052753,461.17970128986127,461.1312164182258,460.9251374894528,230.53981330688296,4151.3151991356435
230.73834770529905,230.7978371378612,230.76892181302415,461.6355239513166,230.80159428100356,230.7935774263484,230.7769105013353,230.68372591747402,230.70984385539143,461.41730828929957,2769.1235908783533
230.76968891471762,230.5885301195546,230.85746314164567,230.81672992747258,230.83308500747384,230.83099418034175,230.86402838346575,230.94922506866476,231.04121905713205,231.00373412446348,2308.5546979249316
461.53879588901884,230.83541407469755,461.6896733799281,230.84068111594263,461.68448549446174,461.70936723096855,230.79722859801808,461.7092613455568,461.76962390701146,230.8887308038167,3693.4632618394203
231.06137157266937,462.632996886774,231.20779493417479,462.1441182712308,231.04156374166286,231.07261608287124,462.06955259420766,231.01083783092838,231.03077295233706,462.0747491372244,3235.3463740040806
230.92080153000094,230.6871357174425,230.80170011779305,230.90620837742776,230.9089626606558,230.82453667492848,230.89558911197565,230.8514012136387,230.78987345719062,230.79408011703944,2308.3802889780923
461.53879588901884,230.8332173395795,461.6648996309576,230.83978120242352,461.680568188815,461.91053128181596,230.98401567684408,462.0186538628137,462.0279844574396,231.0076305063746,3694.5060780360823
230.95953132306155,462.3047336231867,230.9510531032372,462.0357248957889,230.9802260920864,230.8695614780168,461.8144294850555,230.94016480273743,230.95680232812254,461.900092711959,3233.7123198432523
231.02308479848566,230.9373567944485,231.0561740085694,230.96445957439778,230.9228674973745,230.92583407927933,230.86339302116346,230.85097768471573,230.86691403126508,230.79445052210778,2309.205512011807
461.5385842746858,230.853863006272,461.4725171880392,230.66696914076732,461.4101172979698,461.25804861150567,230.61954004752678,230.62366124495813,461.2033136276856,230.6964404906436,3460.3430549300533
230.76995343372545,461.72276212722187,230.88727445877674,461.76056851663014,230.8668875571042,230.98112710097087,461.7849818137404,461.73997015026356,230.85021004250385,461.6301255844135,3462.993860785351
230.76844568350361,230.46029995717646,230.47312183205707,230.57965658133216,230.61177357579385,230.59275585399737,230.58456863417248,230.62519352259056,230.6362106698633,230.6344140368499,2305.966440347337
460.99147015102403,230.756516635141,461.5391662145686,230.72710926115764,230.69102142633702,461.34583133540605,230.67849246710202,230.63364783422597,230.6465682765725,230.63248532962172,2998.6423089311565
230.65333293005838,461.0702814871068,230.43745628361606,460.67206677833,460.6828715767266,230.29313942916806,460.5809050031514,460.514953779601,460.54819041392506,460.59397106534146,3916.047168747025
230.2605580764975,230.09473896668308,230.15836988458275,230.21653390465536,230.2383859047305,230.31023713330111,230.346495826222,230.32673131513837,230.29274428882513,230.29113739873333,2302.5359326993694
230.3021226521123,230.5888734546974,461.20183448408574,230.62183838946643,230.56236042684478,461.0619926239825,230.4853118507724,230.62514068509188,230.6895940078587,230.70082879756114,2766.8398973724734
461.6118144175827,461.4037196191,230.73070544417016,461.3723682704362,461.46119934496295,230.71793421384967,461.5448798840811,461.25635776118827,460.8351940940314,460.76273738848636,4151.696910437889
230.3128454808361,230.3156646703655,230.42751305068393,230.46088034043723,230.4820135582913,230.46164539556557,230.47217201462053,230.48810887676444,230.6267786588092,230.62788826712736,2304.675510313501
230.7821748731009,230.73324399379155,461.4252397896793,230.73541238249433,230.71116577060644,230.6808448472328,230.6059886867939,230.6204118270078,230.64405805688628,230.6460662282641,2537.5846064558573
461.05528783809547,461.31036541816167,230.6821928619651,461.3056617046006,461.19332959250255,461.3099426085247,461.3985381579819,461.3843161740365,461.36819193681674,461.3321411622797,4382.339967454965
230.75847386670202,230.5865757697545,230.55837343713694,230.55069028958977,230.64249910584851,230.66646700364194,230.71626850542995,230.69543596193995,230.6644849047572,230.69014911294568,2306.5294179577463
230.57817772469213,230.43798380004884,230.38157959782268,230.41100443182177,230.4111362804286,230.39560555256745,230.18557961774118,230.23348858985233,230.33371438822385,230.28579004072878,2303.654060023928
460.65246131648206,461.56339737778126,461.486162802412,461.46759861793464,461.49208673117306,461.5083783194901,461.93633829923874,461.8508735295646,461.73202782640203,461.95753718519387,4615.646862005673
230.97863609355545,230.34559976165298,230.4715651909124,230.52165208950066,230.49995740950894,230.5020422439667,230.4979781711869,230.42732843643603,230.41886287230392,230.39837403491225,2305.061996303936
230.3285231576581,230.50125053023743,230.47665733243107,230.49111707482325,230.4883727506453,230.50560502305325,230.54443325910242,230.60384914383735,230.5851232339318,230.53680383760442,2305.0617353433245
461.1152682858844,461.1288927806213,461.2705190154447,461.3219401329958,461.3796638194234,461.44618026089466,461.2817746623413,461.3644914512179,461.4188945675617,230.74860869975834,4382.476233676144
230.7702973093422,230.7958263227709,230.74728635543318,230.71603054904767,230.71478789591495,230.70085523365088,230.67040487448855,230.67931183001696,230.5956083123032,461.1508626539472,2537.5412713369155
230.6018152941314,231.12320339220628,231.0990078518517,231.1384608602129,231.13424163712813,231.13692175470027,231.21238859084843,231.2778348269442,231.39370489970355,231.38434379654657,2311.501922904273
462.76358179972635,461.2928194695306,460.5336520881916,230.2544747872057,460.5421326666534,460.4013217924237,460.4089551778018,460.2217207618647,460.0268073603707,230.03532226856854,4146.480788172337
229.96077933271752,230.17752655066627,230.5346391802158,461.02894572507665,230.43310436519772,230.476314331375,230.49230454304094,230.4975295485593,230.49911293033412,460.940333740371,2765.0405902475545
230.69313615284926,230.68280079533233,230.59645349868723,230.6383243915985,230.62640879174253,230.64350317359285,230.62823171948497,230.61005656931923,230.64049099658587,230.62440096265237,2306.3838070518455
460.91484893009994,460.7446531329073,460.5829596976797,230.21205870558325,460.5113723050319,460.5264886130822,230.25529114068823,460.5019975324196,460.3834238123768,230.22982890453895,3914.8629227744077
