1027343.5004304622,1046100.5789871493,1070405.7280566676,1091800.7916652176,1116906.3136911457,1141572.0974409205,1171315.6573314643,1198920.9042385884,1227925.2509448663,1258162.0629336154,11350452.885720097
230.4109516924213,460.87153649452193,230.4654971295782,460.87644236646304,230.3883550807769,230.47053623627562,460.97442342017763,230.57170794992822,230.62366124495813,461.3222572566454,3226.9753688717465
230.68428099432074,230.80953230958235,230.831205907948,230.85428654578212,230.94721161480064,230.98163060899734,230.87872211228995,230.86741704147565,230.7821748731009,230.74940211362832,2308.385864121926
461.53779072266514,230.61253963308468,461.1419899531051,230.57038763234,461.1123639434398,461.0022899376355,230.49388785303094,230.4084202295906,460.89543382319613,230.48591874687173,3458.26102247496
230.47090560354968,461.0679584635617,230.53556311437256,461.03306313143224,230.50183111977378,230.51877506617808,461.2444693198963,461.0682752381213,230.5721040481533,461.0453102106788,3458.0582553157183
230.61452083933514,230.83994001018175,230.75686047071392,230.63953979913984,230.55663082268987,230.50259644681324,230.48781861619332,230.64440155740593,230.62537845402662,230.62775617033913,2306.295443186839
461.10977646916956,230.47934860691748,461.15825683213757,230.67394643021643,230.7491376417321,461.59482761091346,230.70780813558738,230.6444808269019,230.67933826117564,230.69281894140076,2998.489739756152
230.87445941458063,461.72053841475326,230.7936832557856,461.53392880845297,461.46643510055685,230.6344668785978,461.407367860518,461.5118166263518,461.4528964206024,461.47881099517724,3922.874403775377
230.49549757382007,230.5484461678645,230.41150545733046,230.37986601741616,230.3721420406239,230.4224494528161,230.50220058736522,230.48847830036684,230.39942871235405,230.3459160189401,2304.3659303288973
230.35780265165965,230.55496744256357,461.2748521102542,230.64889358145265,230.6059094437542,461.3610553391707,230.5708365386234,230.6154189973827,230.67746166396051,230.68087127874279,2767.3480690475644
461.37421856899385,460.98993958806955,230.4377727931859,460.74655112220904,460.72746649725974,230.36046479297244,460.7727027890232,460.67991997172675,460.5896507530664,460.57363469278783,4147.2523215692945
230.32675766556167,230.44001476086393,230.51737617252925,230.52233836255263,230.55008305234102,230.48758113081527,230.48404529529486,230.39594831343948,230.38250230552327,230.36035936046315,2304.4670064193842
230.3258090541209,230.47267330618092,461.137976224411,230.69059848568705,230.7718315361184,230.82808296514256,230.84568370429832,231.0185516786106,231.0624058097461,231.1418575793953,2538.2954703437113
462.4288664501294,461.2921324565282,230.63222112566422,461.2004610020954,461.16491179524877,461.039292168016,460.89965435947073,460.4892526672484,460.0694880534844,459.81840599754224,4379.034686075427
229.88329226125268,230.23909682259406,230.25300009881386,230.25905697524166,230.2689593377914,230.35216227831103,230.46000976664226,230.60939618902157,230.88822770072582,231.01412476832792,2304.227326198722
231.1613110270508,230.9758271496472,230.96755971122428,231.00556302205325,231.00068602616676,230.97442270331268,230.89114043322897,230.8738769463721,230.82173147777021,230.90297747508086,2309.5750959719066
461.6453154291502,461.7185794477057,461.7369520350094,461.7433589582721,461.7442591187606,461.7086260341062,461.6117085769105,461.641345861048,461.5455676501355,461.4600887454138,4616.555801856512
230.7697153665911,230.39354900875196,230.39402359252767,230.40549329503287,230.4438921491051,230.39122884954864,230.52389568963514,230.5153174542654,230.49686981257344,230.48623538958364,2304.8202206076153
230.39399722671104,230.6762987176298,230.70429197690558,230.71124508600107,230.73813614800497,230.7908258950475,230.80267911269755,230.82366335152278,230.85428654578212,230.8465571943407,2307.341981254643
462.23765106837874,462.90158421109385,462.64309650958563,462.6417144298953,462.53473463076375,462.64617964019016,462.61620059587574,462.57448091029437,462.6214625937917,231.2688550257573,4394.685959615626
230.96263132758898,230.7261573491244,230.78471455541066,230.77982042589014,230.7532370242518,230.75498261199164,230.74175912023014,230.74421857496614,230.76418705683625,461.5678947076412,2538.5796027539313
231.03284088793944,230.95152998658065,230.9801730917827,230.98640079394673,230.96761270573967,230.93266810262654,230.94480081491065,230.9610945628064,230.94400605674758,230.94090655217732,2309.6420335552575
461.56688941453746,462.1055596144166,461.6315016267323,230.74564666951824,461.68766173703034,461.8271948403305,461.855641344545,461.8835085433148,461.81453541870985,230.83496413759386,4155.953103346729
230.74964013885327,230.49238370802385,230.7462284908852,461.5329236632988,230.74863514679944,230.69725998106537,230.70733225821644,230.6908892572173,230.68673922389493,461.5238246537395,2768.5758565219944
230.75641083978624,231.1437417401137,230.9216226151717,230.82527768178844,230.72869579866796,230.68539115602803,230.62339706121733,230.58676063926288,230.52983484198026,230.4887685625995,2307.289900936616
460.967246226458,230.1907380874877,460.45133823151036,230.28228673392354,460.66695444061014,460.67217218854904,230.3452571505719,460.5896507530664,460.731736676588,230.34776087042334,3685.2451413591884
230.32525570105557,460.81515284201623,230.4288053587021,460.6494047012981,230.35013286575267,230.42305601791134,460.8092990157768,230.52159929943514,230.53939092048986,461.1354412738667,3225.9975379963053
230.6453527949539,230.5544921955073,230.62442738122922,230.81252244191927,230.81498340541384,230.78709555834217,230.72610446535285,230.70950015991684,230.72806118104558,230.72406845858174,2307.1266080422624
461.53810814314596,230.78831253436866,461.4248696469294,230.65972800641225,461.3118981095928,461.142254016653,230.64458651964796,461.1749474202869,461.1213411201318,230.54728452201425,3690.353330039183
230.4472157285949,460.7328964920499,230.3648930455125,460.8024433723308,230.37303831170883,230.3822123108781,460.8143617757252,230.44449882709742,230.4309680290362,460.7753919392122,3225.567919832146
230.36942690901884,230.1964758407379,230.3420682809381,230.28697539423285,230.22253620951898,230.29940917072278,230.15929080517904,230.11751473906315,230.02777906950573,230.0585594819944,2302.080035900912
460.32394934590275,230.3462059222162,460.16028970955335,230.1527392732181,460.3549478361888,460.3312644027442,230.29253354786334,230.29485171965666,460.62426821493466,230.28534224369184,3453.16639221597
230.2690646866524,460.4285399173465,230.31714016155763,460.6508276033201,230.44513188579947,230.47607686970343,460.982761911184,461.00751528474274,230.55282884623952,461.2607434298214,3456.390630596367
230.82678617473996,230.78722783772332,230.7786299933389,230.78955597965194,230.77310125646406,230.76326128922886,230.73842703938436,230.76781084719917,230.79286308018598,230.7722547746812,2307.789918272598
460.91231643208954,230.5421892591836,461.3088327369151,230.6257483177885,461.17864486593055,461.1051824537496,230.55729090082056,230.55013585545305,460.9759011054519,230.5094846188732,3458.2657265462553
230.6390113595044,460.91474340879387,230.4695864401502,460.94170567344753,230.47473126280724,230.48378143132246,460.9732623883939,460.8798712637005,230.4046758761431,460.83144941188806,3457.0128185161516
230.37944421691805,230.59465748502677,230.51745535473532,230.5336624578742,230.5101180346736,230.5275911262379,230.56515932318766,230.54651889819505,230.6524873266726,230.59745716556532,2305.4245513890864
230.71603054904767,230.78717492595266,461.4610406875572,230.73242424770308,230.7278232003372,461.41143915456206,230.67571724886164,230.66374492990604,230.65121893321918,230.60995090821746,2768.436564785364
461.2703076470486,460.93030832347813,230.64651542927925,461.31136959415574,461.3681390723188,230.68483607383874,461.11933442677247,461.17552844353315,461.34250121851204,461.4845231704315,4151.333363399368
230.5975364027962,230.59053732410345,230.41306128727237,230.3729328676898,230.3350583489892,230.34483547679432,227.67042833026647,227.7567878791924,227.67331193434103,227.6639147434924,2293.418404594938
227.57034561142834,227.94206484836778,455.94793504154967,227.8762744331916,227.85445588457986,455.6230030936631,230.59463107326994,230.57419018793036,230.62136286668593,230.63623709114586,2745.240500131813
461.5359920148543,460.83772574460784,230.43408023563666,461.1556688427988,461.22650572682664,230.6577195971298,461.16163710685754,460.94244441002525,460.95120389565653,460.9826035825959,4149.88558115699
230.39159796265974,230.5689353004576,230.70714719532458,230.66979700645504,230.6651984564315,230.61861544012783,230.706988570225,230.81739149576055,230.71550175884443,230.66377135749755,2306.5249445437835
230.69831739666412,230.46438908331476,460.97157362533045,230.5111209501437,230.4503811315256,230.45940300697777,230.45853244434412,230.40644256295772,230.47227754950464,230.54319245374802,2535.4356302045107
461.04150932335006,461.42481676944215,230.6850475334054,461.402556423821,461.4767482999762,461.5765721564632,461.6116027362867,461.69629074997965,461.820732622075,461.75008377145633,4384.485960386255
231.02345593898573,230.5912504183424,230.5472317202083,230.48029848350714,230.49850596474926,230.4605373863389,230.43452861131232,230.3198540607932,230.28976760849184,230.33777267051497,2304.983202863244
230.17055294458206,230.51782487241613,230.48341202277604,230.4214736808854,230.38442683394052,230.37232656645364,230.2802585523862,230.30868269165433,230.25716087531455,230.22074601566598,2303.416865056075
460.41843145662705,460.51353171685383,460.311003843878,460.30279487839596,460.28374699671946,460.26370106700546,460.3502109545449,460.5884389727146,460.7324747402972,460.77407372441314,4604.538408351449
230.5665323915215,230.81151690204499,230.82363688728032,230.79447697965816,230.85002475032104,230.89672778944725,230.81993195322852,230.7600079362705,230.73416952056954,230.69781512304607,2307.7548402333873
230.6608379318104,230.51610926463053,230.59140888432782,230.65777244955757,230.63121715614628,230.611298094518,230.5895601280502,230.56727174278276,230.52152011438218,230.50114496881775,2305.8481407350237
460.7399082280643,460.83440295893064,461.0250395357475,461.0351746503992,460.9744761944886,460.831924086538,461.09250978232114,461.1476409790431,461.13702561469086,230.58969218108692,4379.40779421131
230.63594645737052,230.62115152385738,230.57762315834273,230.59412925103916,230.64498286830846,230.65341220569368,230.6872678822612,230.7558554157653,230.83110004409633,461.7329279427114,2537.734396749446
231.00116311450327,230.96657931707625,230.89855499304645,230.84422790225057,230.83038546563736,230.87422113177644,230.9341250203747,230.88324974621105,230.82967089160258,230.79984798799038,2308.862025570469
461.4251869121072,461.1364446884579,461.4060460272526,230.7897411747767,461.56202174144545,461.59588594240995,461.44792538595607,461.43258989011656,461.6105972527823,230.83374666951931,4153.240185684825
230.8262833415654,230.50739964978496,230.46742304486585,460.8313439287653,230.43349998735243,230.45916558015267,230.47800296181782,230.3667118414133,230.31160716706438,460.4553926716299,2765.136830174412
498.69659312258875,230.2956420161625,230.2943775443567,499.0313743624076,230.3212505581378,230.2594519999904,230.15834357267403,230.22985523279476,230.18594807219864,230.20073986098535,2839.6735763422967
460.635545041426,460.8148364151739,460.5938656909071,230.26403438612888,460.4331204597411,460.46629262438665,460.35936901367484,460.3929516814758,460.38800345714185,230.268590617537,4144.616609387593
230.15750159477054,230.1354807978851,230.28420958837188,460.47182178320406,230.2742532373393,230.26885398902678,230.3357171590143,230.3609655987095,230.3319751681613,460.6221604581453,2763.242939374628
230.46066929164053,230.65121893321918,230.6154189973827,230.7166915402104,230.7196263867134,230.68153206846108,230.76537734038888,230.68819304023265,230.6167926643993,230.6039283854611,2306.519448648109
461.0558685598682,230.30971020157847,460.6275879709941,230.31216045455076,460.6061421369096,460.70548423407706,230.32219913202994,460.4932024467189,460.88525209760365,230.45821587774438,3685.775823112075
230.3772297896429,461.4706132129802,230.73044101513028,461.4053058039321,230.77003278954604,230.79045550161348,461.46252149425345,230.81384553404965,230.80749483015936,461.6406048825632,3230.2685448538705
230.87956937530726,230.47702671932555,230.46800346400428,230.48032486907974,230.40591519092268,230.36779258881234,230.36563110415466,230.4199968526016,230.32944544041112,230.30054197556666,2304.494247580186
460.78029576448245,230.59785335226437,461.19914035405014,230.59846084118033,461.23913292998,461.11627161268603,230.67849246710202,461.2877461909836,461.38558501430555,230.68549688627172,3689.5684754133063
230.54303405402584,460.7680100334831,230.4229769005439,460.8524942607064,230.42010233970836,230.41097806211852,460.56815576997604,230.35991127337536,230.3895678551848,460.8280739759117,3225.563304525034
230.53931172321347,230.3719311543233,230.36818798673585,230.392257096157,230.37446181541307,230.48663119419695,230.55528427502287,230.51402417570063,230.45647477699154,230.4638350641785,2304.522399261933
460.61657499594185,230.71050481110538,461.39806231534624,230.70088166974668,461.4110161596285,461.41376564055963,230.73062611539453,230.71489365310725,461.45464159646343,230.77437099078193,3459.9253379480747
230.9971609345326,461.51102316637497,230.7615684762418,461.3900788797196,230.7467574219467,230.72361895543565,461.41080466245256,461.3902374883336,230.75426850472417,461.40435409172414,3461.089872581486
230.5094846188732,230.57273780814415,230.37011227600667,230.41575107673376,230.38645685081454,230.37277470184225,230.39138704073716,230.40006152345393,230.35864609571357,230.3586197379934,2304.1360317303124
460.56704946484166,230.51993642474736,461.49494296545265,230.7663824782847,230.79939818952445,461.67749791464223,230.81305167695118,230.80323476214872,230.7759052717248,230.77818027757127,2998.9955794258885
231.09378206820557,461.5210738610125,230.66543630797068,461.34376982880286,461.28642504300933,230.62997541646524,461.2647064551346,461.1998799160237,461.19755558637945,461.21567541302903,3921.4182798960337
230.3568274271717,230.5132587727735,230.44494724331875,230.4707473031444,230.48644648520823,230.4640988824826,230.48847830036684,230.28947784725966,230.2820496719,230.26953875771983,2304.0658706913455
230.2962479138236,230.4535993803185,460.90434979690724,230.40172266913007,230.37643893307572,460.7727027890232,230.37873243207986,230.51442007576088,230.54245325690673,230.5698859156212,2765.210553162647
461.0808409800693,461.002395499031,230.41833544341029,460.69473108523556,460.6310658619996,230.34686479601206,460.5626769775157,460.88351122582714,460.831291187222,460.70042386621,4147.152136922533
230.48515353057647,230.10930862943374,230.3262043079383,230.38197504307504,230.37601714512675,230.35669564071208,230.37206295821593,230.35722278745538,230.33782537642045,230.36992775372417,2303.4723931726785
230.23306732518577,230.3831350236469,460.7983828181755,230.41316676802896,230.46404611877347,230.4829898430301,230.4759713313398,230.44138633906877,230.5282246415519,230.543377253699,2534.7637474625
461.412708144016,460.9327354896626,230.43637488247924,460.90113156542833,460.89495901770226,460.6620530274862,460.7686427589919,460.80940448880773,460.6233197219923,460.52353901163383,4377.9648681082
230.10904562277938,230.71788133384766,230.71206468160554,230.64104586538596,230.5565252105397,230.63837723513828,230.6261181827367,230.66585915636256,230.65259302675676,230.66934771475024,2305.9888580299025
230.76995343372545,230.72086909196798,230.51228223159086,230.53931172321347,230.53324009401948,230.5378597827894,230.49238370802385,230.53374165126925,230.64778377100217,230.66361279203937,2305.951038279641
461.07017589461964,460.7379575733096,460.91432132405276,460.8225362583726,460.9816008373965,461.0263064007097,461.0214501228312,460.9882507028112,460.93621799014164,460.8931125611925,4609.391929665437
230.5600632702429,230.79812817979013,230.70902427556564,230.68425456202937,230.65930518049885,230.6257483177885,230.68721501631555,230.72171519682271,230.75046000727576,230.77283673023985,2306.9687507365693
230.7695831072843,230.61362268828353,230.7035781833433,230.80606596994528,230.83348200424595,230.83520233937145,230.81604190047605,230.71933554273593,230.61703041612114,230.5211505848544,2307.235092736661
460.90229223389497,461.3294983652807,461.5175825174648,461.37527588911865,461.35265029619603,461.39589460020386,461.3893915769859,461.3393297233086,460.8779721758499,230.49130179129796,4381.9711891696015
230.6444808269019,230.6751357830249,230.57799286894593,230.53294971976712,230.52740635159384,230.54699411238076,230.49330730350894,230.54812935419895,230.80318184303812,461.6722573685818,2537.0218355319425
230.74493262003256,230.51848472836417,230.50842893360826,230.5295708731554,230.47148604022954,230.43022955167496,230.4828051398776,230.35461343466224,230.336033389165,230.35972676743413,2304.736311478204
460.55740903076565,460.6669017366885,460.6128338658776,230.33005151595617,460.7334236828266,460.74802734692133,460.67153972795825,460.85333820450256,460.9709931158851,230.45874348922712,4146.603261716608
230.53749020087434,230.5787851099451,230.72499391175046,461.4533194923263,230.72705637694972,230.74596402626375,230.68203427117888,230.74670452873144,230.61959288245922,461.19914035405014,2768.015081154529
230.5269576144058,230.3812632425982,230.22295743564814,230.11091298304478,230.06260807400523,230.00144745823707,230.02218112659648,229.94205266245265,230.00762249458475,229.96808172212263,2301.246084813696
459.97273199480594,460.3867400977615,460.5304390313531,230.21545457601698,460.51195165743536,460.4785622706989,460.6802889202833,460.8030761924108,460.83925529697717,230.4718290269146,4144.890329064658
230.46963920639624,230.46861026895672,230.53461278220587,461.34688852542604,230.69218452112085,230.69509230939173,230.72853714393509,230.72179451947102,230.7276116623419,461.4440649754863,2767.8290359147322
230.72274639550488,230.67204349123287,230.5072412992434,230.53983970608394,230.4927003684992,230.52788148699128,230.49840040584343,230.4577674098835,230.4336318617059,230.45494474047194,2305.30719716546
460.88614891546956,230.5203059503825,461.24298991230097,230.64928994491612,461.27918528647314,461.33525970168404,230.61959288245922,461.2925023863521,461.2853152845592,230.62302720499702,3689.733617469594
230.5858627044275,461.22735104100934,230.6212307773727,461.00878205339575,230.57952453978947,230.60487928919392,461.09219297446026,230.54657169967447,230.61201131716703,461.2315248252053,3228.1099312216957
230.7381097033705,230.23543695898817,230.3389322060077,230.44064779492965,230.45745084538552,230.43943448269232,230.54424845745848,230.50982771866632,230.41844092899586,230.39721390087865,2304.5197429973737
460.6528829217598,230.54094847798373,461.04874162112225,230.5613834695924,461.07577236308595,460.98772292870575,230.51682189861003,461.18677945504453,461.2045286455974,230.64001539688212,3688.4155971783835
230.7691863302734,461.83937820268426,230.89442396525826,461.7549024588469,230.90085889967392,230.87633921839245,461.83053195827097,230.92310588060408,230.91897397429258,461.80966252090684,3232.5173634092034
230.76881600629423,230.87657750556875,230.8338525357986,230.78918559029407,230.77175217906074,230.84263977550336,230.8131575242488,230.68655419403916,230.7308112159558,230.75331636857612,2307.8666628953397
461.54096494712064,230.82154623130126,461.60578157672694,230.7939478298032,461.58540867438967,461.5864669626956,230.72777031580202,230.76614441851805,461.5831862847427,230.757072062345,3461.7682893034453
230.7684192319212,461.16728861433756,230.68441315586844,461.4173611650659,230.70482071572533,230.6936648405353,461.1447362287855,461.2356458508021,230.68211356654473,461.4127610187281,3459.9112243883137
230.74562022316218,230.5934689619579,230.58544014927776,230.6403853075933,230.65742890921007,230.62178555350508,230.7288015686111,230.6701934417657,230.66728628113083,230.69247529664932,2306.602885692863
461.2724213397266,230.6096867558866,461.17140849212973,230.57392611751737,230.6278354283939,461.2052153976837,230.6611550553147,230.64870861230256,230.6187475264452,230.64012108553567,2998.0292258109357
230.60992449295713,461.46458406227504,230.7186745364233,461.3772848107068,461.2682468153383,230.65235520170364,461.41968771078285,461.4283595878818,461.3366868439481,461.2483263914663,3921.5241304534834
230.6423405696354,230.4704570862995,230.5359854867394,230.59143529534654,230.4890588255632,230.536645446661,230.4639933550885,230.46977112211704,230.44201938067016,230.4110571712464,2305.0527637393666
230.38706322643014,230.57339797850602,461.1571476902927,230.59629502576828,230.68710928449693,461.4180485511313,230.73345554211477,230.69099499250095,230.72306368926155,230.8017265770056,2767.768302557508
461.59810845434924,461.20426451072416,230.42645811610907,460.7234072643716,460.7657427813461,230.37812610031648,460.7274137794911,460.8024961072711,460.6652152175629,460.4727169928356,4147.763949324378
230.29495709221072,230.08303723435804,230.155975525522,230.1955546225463,230.20466184623308,230.1920014214451,230.19637055828568,230.22264151590676,230.24723319522994,230.2667470339773,2302.0591800457155
230.26664168723696,230.2961425400883,460.7117571360557,230.35258397891425,230.331896113328,230.31948517752966,230.3389322060077,230.29532589690928,230.29606350985011,230.27651836324188,2533.4853466091618
460.65267211902443,460.8566085159081,230.44217764161394,460.80761145384827,460.7890490883796,460.8281794575375,460.73115677104676,460.8650482436562,460.8798712637005,460.9396477768953,4377.79202233161
230.36022756996223,230.71217043630125,230.71333374435298,230.67370856112646,230.68325013944582,230.70685638280867,230.65090183703555,230.6202533211574,230.67563795789312,230.69937482195638,2306.4957147720397
230.7353066064901,230.64197065265233,230.48829358841763,230.46008890944276,230.44455158185642,230.41147908751253,230.35292661179125,230.29846078454025,230.27269928138787,230.2526314296674,2304.358408533759
460.60698517867326,460.70342844622377,460.60350765128845,460.7561467519323,460.7924239526854,460.77855568550353,460.8208485994888,461.19565387955083,461.41207364841654,461.5797998273832,4609.249423621146
230.7917254269083,230.6433446359994,230.8703027739881,230.88700967074334,230.90453994935223,230.92909210972604,231.02637208440885,230.83731971011213,230.78796860506012,230.73565037885848,2308.413325345157
230.75514130309577,230.70841620397385,230.55127112821216,230.61584166241406,230.62154779197866,230.62897146649883,230.58934884350606,230.62667298238338,230.54754853140685,230.5567364349368,2306.201496348406
460.9467185752789,461.1158491587637,461.0816857604009,460.9514677407501,460.8535491909346,460.64608463076473,460.7476582898564,460.8573997272533,460.8706397335224,230.4084465987084,4378.479499406233
230.5572116912453,230.62231391420792,230.80540446657804,230.81781490145508,230.7852965738126,230.8619105227248,230.87535959850194,230.78370925781257,230.83390546897465,461.6669640084919,2538.609890403805
230.7826775141214,230.70394829797237,230.6214421203465,230.55132393186844,230.54881578490816,230.56441998547396,230.54659810042327,230.5896393598541,230.4889268877618,230.4165949451926,2305.8143869279224
460.7824576990973,461.11146624499514,461.22270185134806,230.5519839796124,461.2303096650497,461.26581611442555,461.27918528647314,461.3597866338143,461.5586885027918,230.84306327383268,4151.20545925144
230.76937149270867,230.5319466143418,230.5470205132263,461.3616896944656,230.68377878182054,230.6776731100077,230.706988570225,230.64453367326283,230.5976948774214,461.3548176050185,2767.8755149324984
230.76934504091403,230.75839451883087,230.7463342769035,230.74051618993087,230.72232333852017,230.6695855748465,230.63034529497196,230.6535179066255,230.58763217093804,230.5163468088008,2306.794341121282
460.82791575356356,461.0161716759583,460.58169526810815,230.34715470167635,460.7709627673915,460.86742197278085,499.32001859425213,729.88260453934,998.6728460282613,230.45935024541882,4992.746141546751
230.61660774673234,230.65512985783988,230.60606792988807,461.18334598957495,230.5902732162453,230.59780052729252,461.21636219831174,230.60421893854746,230.514710403336,461.09567788487414,2997.680194692642
230.4701932534384,230.2342258067283,230.34383400775994,230.31679763513165,230.29909304112738,230.29034713314377,230.25450112109868,230.11896138958406,230.25526480661455,230.21640227866982,2302.7996204732963
460.4938344177221,230.0539852702623,460.47487604214996,230.254685458518,460.5192726906739,460.5251718220526,230.31142273849298,460.7448640198353,460.88134834284904,230.49343924632532,3684.752900048881
230.42437464870073,461.3157563089715,230.43653313567015,461.0022371569559,230.51890703815346,230.5282510380989,461.0091515288976,230.498717082851,230.39262621256285,460.7662700472938,3226.8928241981557
230.67064273676507,230.75971699047466,230.82773891728917,230.76281163335682,230.73953772230675,230.6894882738593,230.6259596690422,230.71441774650552,230.790534871535,230.76749343035675,2307.348341991491
461.28943727143354,230.55008305234102,461.29387641660725,230.6765894531132,461.4148760171473,461.53234173915797,230.7961702754996,230.78336534222385,461.4110161596285,230.71610986778722,3460.4638655949393
230.74551443779856,461.4190003198337,230.70828401492153,461.3568792103567,230.6952509181329,230.61399251433988,461.3001653518599,461.27543338526294,230.70386898759475,461.4760607390068,3460.294449879108
230.55335689102589,230.5515087448558,230.58250871556623,230.57500881005453,230.55340969563755,230.572817028388,230.58974500234396,230.61269812833203,230.6350481394231,230.59059014574768,2305.8166913013747
461.3805096951017,230.82419263764643,461.3705708517625,230.73914104860697,461.43031609302426,461.59329303886364,230.8082092669007,230.80863263890856,230.78087859846818,230.72816695040686,3230.4639108196893
230.7692656855664,461.64314539012867,230.7997950704328,461.5096478422116,230.7271621453898,230.67341783290496,461.2734253505347,461.26608031980555,461.30159227700284,461.35138163706546,3691.314913551043
230.7694243963162,230.9157162293382,230.82551586357525,230.7492169832373,230.76820761948014,230.74371610145744,230.72954196092832,230.6988725437339,230.68311797923073,230.6126452965587,2307.4959749738564
230.32646781123688,230.50951101112872,461.2285661855754,230.47961246074036,230.49190871894223,461.11273358499176,230.55961440590815,230.5583470336912,230.49074764276202,230.46956005703626,2766.2270689120123
461.29054704971713,460.58301238239585,230.31487423643202,460.96170516360036,460.9245570969572,230.4178607594705,460.8168404591812,460.7561467519323,460.8581909413153,461.1186479304222,4148.042382771424
230.44961615118245,230.33358262820866,230.42972844473266,230.45977233856698,230.46008890944276,230.4521485193259,230.40871029021827,230.31376763803988,230.17868447333714,230.0723620853802,2303.5584614784348
229.8600641947586,229.7253814957312,459.50083528865474,229.77409558800704,229.78943772484402,459.6061537997937,229.86418453749283,229.84694306839276,230.11475300221227,230.2698811435936,2758.3517298434804
460.836512658569,461.354606159359,230.68372591747402,461.30740576697866,461.29197391535666,230.67997261080114,461.28129906051265,461.5716513679963,461.3580421753424,461.22074710641107,4151.5859367388
230.70167475543752,230.5366190481916,230.54633409320743,230.54696771154127,230.57353001303204,230.5211769797814,230.52658806744503,230.62469156733053,230.64278975613863,230.625774736674,2305.8461467287793
230.71899181898067,230.7759052717248,461.5645613841623,230.75723075632297,230.74527642108512,230.694801527266,230.7594789444601,230.6112188478293,230.58620603162703,230.5760386977576,2537.789709701216
461.19179768884777,460.9762177535289,230.5106986688821,461.11811985769754,461.1122055258132,461.1926428758126,461.18202543954544,461.3787122129927,461.4160392745426,461.44871862898384,4381.527177926646
230.50154082464002,230.57162873044652,230.44494724331875,230.37865334514711,230.31102753540608,230.3603066442447,230.326546862344,230.32857585933073,230.3952100605208,230.41459076769542,2304.033027873094
230.42258131452166,230.70931509354696,230.69924264326474,230.65383501000227,230.61914378630513,230.57801927689152,230.53445439427315,230.49726565371176,230.48375504495843,230.4948114605705,2305.692423678046
461.3291812316756,461.39081905418436,461.4111219082892,461.3609496134579,461.5074790784548,461.553662281569,461.615889320369,461.7726424493975,461.7729072357,461.74950129957404,4615.464153472672
230.82546293424681,230.50135609175376,230.53421681278215,230.6424726831312,230.69842313875714,230.67857176003292,230.69895185067625,230.53432240449547,230.4960253560224,230.458163116729,2306.067966148627
230.33126367661507,230.5975364027962,230.53096991481559,230.40507140068812,230.31872106595682,230.32596715548507,230.36462945428644,230.45639563667334,230.4007207053794,230.37588533670944,2304.1071607494055
460.86177781247073,460.8594568894653,461.0146409489739,461.25678047260544,461.38183138205824,461.3237371727752,461.22951717274555,461.2599508329305,461.2491189484084,230.654337092132,4381.091148724565
230.65988656652942,230.80278495048196,230.85722489392347,230.84412202645424,230.84168690994372,230.8881482635961,230.8821112016704,230.7902438487564,230.86445196027682,461.82677108277306,2539.2574317044055
231.03276135127018,230.8010386394511,230.73186893914607,230.6878229761536,230.68673922389493,230.66271425856087,230.70209773670226,230.7850584750206,230.66374492990604,230.62479724194054,2307.378643772046
461.0111572633843,460.40211144124214,460.48509230614576,230.2846310402126,460.52606723913345,460.4947823774792,460.45012717883014,460.17627703478536,460.5383927457284,230.31516406157766,4144.68380268852
230.29132179481797,230.4598251003192,230.45473370254638,460.9133188758909,230.43394836077002,230.42764491818497,230.32233087902182,230.39903320718182,230.38345138401198,460.69784101296204,2764.783449235707
230.36149276499572,230.38105233959791,230.38906692507726,230.3998242188841,230.4224230804931,230.43160101339888,230.47269969000766,230.5035992968336,230.37243200991765,230.33985457212273,2304.074045911329
460.6525140170996,461.1524471007409,460.9555309933333,230.48407168172534,460.979437033672,460.7619465021447,460.87427954983133,460.7274137794911,460.7324747402972,230.41569833516033,4147.735813733496
230.3781524625007,230.3667118414133,230.4886894000999,461.0016565702778,230.5247931419173,230.6091584530403,230.62339706121733,230.6755322366865,230.7654302421651,461.51102316637497,2766.9445445756933
230.76032533252092,230.58084496202162,230.54208366026364,230.4890060504245,230.3696641509762,230.36373324862987,230.31737729583398,230.37037587978017,230.33771996463358,230.28810807676035,2304.419238621844
460.56783968225244,230.46467928487775,460.9757427815765,230.47903198312744,461.0257257534044,461.13016021641164,230.57582743799153,461.32215154871375,461.4029265307736,230.74601691913952,3688.6901021382687
230.7684721350921,460.98993958806955,230.48760751805534,460.8676329721086,230.4863673243037,230.45607907594396,461.01458816546614,230.3503173563258,230.317772520713,460.5924958276472,3226.3312724837256
230.32612525706628,230.47826681255972,230.49605174519596,230.56098740820005,230.58235026181327,230.62955269962458,230.63383277922082,230.6775938176946,230.63045097476322,230.62994899661732,2305.6451607527556
461.53937782943524,230.53260655113925,461.06690255150676,230.56262447076662,461.10460160774386,461.0918233658395,230.50732047448696,460.9421278083448,461.0462604423032,230.58470068149222,3688.978345783059
230.6149435010743,461.0922985770322,230.50972214939043,461.03337985804427,230.51708583823915,230.49441562786149,461.0058262707013,230.6156567462722,230.6155774965879,461.161742741241,3227.660648806444
230.48029848350714,230.3904642618666,230.37894333083264,230.3401708136341,230.32973530223038,230.33995998586337,230.33887949959566,230.2038984963485,230.155501921939,230.1458197870455,2303.1036718828627
460.4531284949677,230.55063748622376,461.17616228874425,230.636818360894,461.3248999706812,461.2743236796993,230.62376691862394,230.544934865058,461.3252170984002,230.7571249603134,3458.667014123606
230.64506213820403,460.9881451478934,230.4784515084385,460.9098367214202,230.44217764161394,230.45056578271416,460.7492926899181,461.1524999158216,230.57360923382024,460.9950590971186,3457.3846998769627
230.54208366026364,230.6607850779778,230.6951187441668,230.71394184186713,230.6707484534899,230.69125933113412,230.7085748310366,230.6054075724341,230.55607635998095,230.48262043702113,2306.326616309372
460.66732336839937,230.3633642247981,460.6973666144932,230.3768870844638,230.4273020629962,460.7206132884894,230.4357154965234,230.43692876959844,230.44550117164857,230.5449612654319,2995.1159633468424
230.76976827035628,461.29160398638027,230.57051966341837,461.1904770904168,461.1985064456749,230.62934134178533,460.945768753928,460.7497144724615,460.81383439970676,460.85217778257976,3919.011712206708
230.29651134858375,230.46924346013992,230.5227078958885,230.46095948383564,230.39315352376576,230.42877898492418,230.59706098022764,230.7636844963563,230.69332119326373,230.67389357037626,2305.2993149373615
230.76347289259854,230.64025319648883,461.3011694834476,230.62965837868947,230.63042455480632,461.2168376662441,230.55850545445634,230.5006963338629,230.5512183245801,230.48789777809478,2767.280134063269
460.72345998122336,461.2348005062145,230.52650887896473,460.79084197888676,460.8283376800667,230.40509776903937,460.8331371484194,460.8754400830611,460.7376939725825,460.7558304061199,4147.711148404578
230.35474521873945,230.43590012421063,230.49475868279742,230.5937594886878,230.62284227733173,230.64625119317606,230.66192144071678,230.6865013284206,230.68755864539548,230.68734718122514,2305.8715855807013
230.70725294551215,230.6546541977612,461.3605267110909,230.68443958819614,230.6608379318104,230.6351538235243,230.59669120847403,230.56544977858678,230.58459504362432,230.62791468650317,2537.0775159150835
461.6059932526841,460.9883034802882,230.50317704312988,461.0674305069297,461.1624821832804,461.1822895489463,461.2248151077567,461.3597866338143,461.44216123519976,461.6000663992659,4382.136505391295
230.7403839640913,231.06900923396452,231.08317206707758,231.09155388715132,231.1055868393971,231.11848061909072,231.12182368572135,230.93290650609103,230.96657931707625,230.86108986213347,2310.090585981795
230.7980223462765,230.55937677255613,230.5516407543139,230.55206318559567,230.5295708731554,230.54213645971151,230.58607398258314,230.62094018141616,230.63293447773867,230.6586973709642,2306.0314564043115
461.51372094142783,461.527527695731,461.2643365698907,461.32400144451185,461.3110524854748,461.2463714293209,461.1166940673824,461.44469955907255,461.3113167426786,461.2797665724028,4613.339487507894
230.62062316848065,230.42703832892988,230.58301048722066,230.59162017264714,230.61000373875623,230.5839876277622,230.64514140815407,230.5597464246487,230.56096100415562,230.54638689460222,2305.7285192553572
230.48631455039754,230.7180928540012,230.5558915396706,230.56180593657743,230.55206318559567,230.56798469313256,230.53677743909876,230.59022039474627,230.57411096674295,230.58977141298155,2305.7330329729443
461.49208673117306,461.32278579703035,461.37998102243927,461.1727818010851,460.8448989056322,460.9053522060554,460.92666762212946,460.9175397397293,460.9605441958812,230.49114346287294,4380.413781484029
230.31764077893592,230.07422885030877,230.17939502256215,230.26872230320657,230.39898047326145,230.42851524747707,230.44397128083597,230.44658265844373,230.46647327439987,460.88240340518036,2533.906913294612
230.36465581338192,230.69210521883122,230.65653042390858,230.52518907896913,230.54683570743452,230.54519886906922,230.4629117048706,230.44428780830302,230.33814161235995,230.32430710198656,2304.9001633391144
460.65883817874567,461.0773034960525,460.8709562370061,230.44436694030563,460.8525997535119,460.84009919228583,460.9921562687511,461.06072556288694,461.15862654727147,230.58522887228366,4148.540901049101
230.75961119218533,230.4175706758034,230.5112793060157,461.23559301667456,230.63718826135016,230.6123811380552,230.57437503757936,230.57025560141284,230.4804304114305,460.89480074942173,2766.693485389929
230.326388760184,230.60865656757838,230.47560194782827,230.38843417437081,230.34770815997086,230.25989969634412,230.26037372967502,230.18200040725284,230.2639290418706,230.3121077603899,2303.425100245465
460.65283022105785,461.00635408625976,461.1253545592471,230.56856561889978,461.16047513183315,461.3785007454301,461.36951355320235,461.58588490352685,461.7808509659819,230.90401029468774,4151.532340080126
500.106125665693,230.68441315586844,230.84819831472115,461.9664412975114,231.05283284083768,231.0384881314347,231.08675283353793,230.9982211011549,230.9574382046756,731.3176524299664,3310.0565639754013
231.1363644974137,230.7714082991081,230.7467574219467,230.72642176834574,230.7012782119105,230.7050322119318,230.69305684990533,230.7323184744385,230.6539407113216,230.64944849068297,2307.516026937005
461.3084099300877,230.78138123384213,461.5043582102827,230.68599910625278,461.31348366317013,461.31084107992973,230.63409698687082,461.2281435258697,461.0656354634248,230.5727114014083,3690.4050606011388
230.4690323960256,460.409639562648,230.19081704545377,460.30463660799603,230.1673162823182,230.13974255874047,460.3175817518818,230.13366565137744,230.26226988251656,460.471558486916,3222.8662602258737
230.32325311218509,230.566162717669,230.29901400886413,230.3708503680927,230.35606306780477,230.43038779642532,230.4267745954673,230.40393756729242,230.39476183784274,230.37264289713522,2303.9438479687788
460.1251109879499,229.90473974007182,460.3678958100736,230.13474421324145,460.2752233171652,460.1596060658076,229.97830059231296,459.8301160135414,460.0374767912271,230.12648426550825,3680.9396977969
230.15181840504937,460.89200469438805,230.46117053316382,460.92840881994675,230.47671010191496,230.49185594249846,461.0376557099002,230.60847166295886,230.5438260548134,460.9423916430483,3226.534313567682
230.76931858912542,230.6351274024899,230.68330300357425,230.74733924891518,230.76754633310318,230.77730730490802,230.79254559442208,230.8466630723708,230.81463939660892,230.78521720749401,2307.619007153012
461.5381610466019,231.00773653220915,461.9412138707236,231.00492688047655,462.02750731561673,461.9128628035004,231.0313297005883,231.0456204907298,462.1483086641936,231.10426040047042,3464.761927705111
230.98573825647733,461.75024262767926,230.86617275705524,461.5662015849369,230.73575615517788,230.73141940560527,461.46368499189623,461.2993726194838,230.66118148231274,461.1228725557618,3461.182642436386
230.55306646609404,230.6701670127026,230.4749951060583,230.50193668182192,230.4577674098835,230.51790405493043,230.53733180898777,230.55821501655322,230.5252418706788,230.65425781586094,2305.4508832435713
461.53869008182807,230.49953516914806,461.2118188875084,230.61843051953772,230.59228045114065,461.10882597571015,230.52107140010975,230.50257005614108,230.46750219275802,230.38271321117836,2997.4434379450595
230.26803753936943,460.69958048237316,230.4399620081821,460.75815028549846,460.9093618862508,230.4889268877618,461.01358528111416,461.06801125929144,461.2118717161894,461.3284412549593,3918.1859286009894
230.6150755831855,230.5636806525018,230.53355686676542,230.62720136548094,230.69125933113412,230.7250996782996,230.71706169691586,230.68613126976916,230.60318879909062,230.54775973935628,2306.3100149824995
230.5526440311357,230.4801137846682,460.82601709386057,230.42484935947948,230.39373356887685,460.7632646475558,230.37952330439379,230.41372054358553,230.41285032604893,230.4924628730611,2765.139179532666
461.09652271957424,461.40334951087505,230.69784155844513,461.13623344291796,461.0787290427834,230.51083063161013,461.0552350452796,461.0997964832787,461.0056151448163,461.04768579708406,4150.131839376664
230.5323689734569,230.54279645485067,230.56824874993657,230.701886245876,230.74220869406156,230.78622251822947,230.78677808844603,230.72777031580202,230.81733857015794,230.73194826877628,2306.9375668795933
230.7696624628502,230.5611986407733,461.26544622740204,230.6030567305951,230.58837165752587,230.5242652279639,230.49964072909324,230.39494639991074,230.45164731704665,230.50394237910703,2536.1621777722685
461.0374445548605,460.82986717011727,230.44128083247335,460.78683436054473,460.749819918218,460.74966174960133,460.63459650204186,460.93547927352154,460.7975918094605,460.67860230313454,4377.641178473974
230.25186776161956,230.29453560257306,230.27938934266376,230.32562460280369,230.32380645562807,230.33945927145461,230.37008591566251,230.38165868676455,230.39942871235405,230.46792431576782,2303.433780667292
